31 31 -7 -7
31 31 -6 -6
28 28 -5 -5
19 19 -5 -5
19 19 -7 -7
7 7 -7 -7
7 7 -7 -7
3 3 -7 -7
-1 -1 -9 -9
-1 -1 -9 -9
-5 -5 -10 -10
-4 -4 -14 -14
-3 -3 -13 -13
-3 -3 -13 -13
-20 -20 -10 -10
-21 -21 -8 -8
-25 -25 -9 -9
-36 -36 -14 -14
63 63 -12 -12
-1 -1 -8 -8
-14 -14 4 4
4 4 4 4
-21 -21 -11 -11
-29 -29 -11 -11
1 1 -40 -40
-4 -4 19 19
-2 -2 -17 -17
-2 -2 11 11
0 0 0 0
0 0 0 0
0 0 0 0
0 0 0 0
0 0 0 0
0 0 0 0
0 0 0 0
0 0 0 0
0 0 0 0
0 0 0 0
0 0 0 0
0 0 0 0
-7 -7 31 31
-6 -6 31 31
-5 -5 28 28
-5 -5 19 19
-7 -7 19 19
-7 -7 7 7
-7 -7 7 7
-7 -7 3 3
-9 -9 -1 -1
-9 -9 -1 -1
-10 -10 -5 -5
-14 -14 -4 -4
-13 -13 -3 -3
-13 -13 -3 -3
-10 -10 -20 -20
-8 -8 -21 -21
-9 -9 -25 -25
-14 -14 -36 -36
-12 -12 63 63
-8 -8 -1 -1
4 4 -14 -14
4 4 4 4
-11 -11 -21 -21
-11 -11 -29 -29
-40 -40 1 1
19 19 -4 -4
-17 -17 -2 -2
11 11 -2 -2
0 0 0 0
0 0 0 0
0 0 0 0
0 0 0 0
0 0 0 0
0 0 0 0
0 0 0 0
0 0 0 0
0 0 0 0
0 0 0 0
0 0 0 0
0 0 0 0
31 -9 -7 -45
31 -5 -6 -74
28 -16 -5 -66
19 -16 -5 -66
19 -23 -7 -60
7 -14 -7 58
7 -14 -7 18
3 -14 -7 18
-1 27 -9 -3
-1 7 -9 -4
-5 -40 -10 -8
-4 -3 -14 -28
-3 24 -13 -4
-3 -41 -13 -5
-20 27 -10 -8
-21 27 -8 -8
-25 -1 -9 -7
-36 -3 -14 -3
63 -15 -12 -6
-1 0 -8 0
-14 0 4 0
4 0 4 0
-21 0 -11 0
-29 0 -11 0
1 0 -40 0
-4 0 19 0
-2 0 -17 0
-2 0 11 0
0 0 0 0
0 0 0 0
0 0 0 0
0 0 0 0
0 0 0 0
0 0 0 0
0 0 0 0
0 0 0 0
0 0 0 0
0 0 0 0
0 0 0 0
0 0 0 0
-7 -45 31 -9
-6 -74 31 -5
-5 -66 28 -16
-5 -66 19 -16
-7 -60 19 -23
-7 58 7 -14
-7 18 7 -14
-7 18 3 -14
-9 -3 -1 27
-9 -4 -1 7
-10 -8 -5 -40
-14 -28 -4 -3
-13 -4 -3 24
-13 -5 -3 -41
-10 -8 -20 27
-8 -8 -21 27
-9 -7 -25 -1
-14 -3 -36 -3
-12 -6 63 -15
-8 0 -1 0
4 0 -14 0
4 0 4 0
-11 0 -21 0
-11 0 -29 0
-40 0 1 0
19 0 -4 0
-17 0 -2 0
11 0 -2 0
0 0 0 0
0 0 0 0
0 0 0 0
0 0 0 0
0 0 0 0
0 0 0 0
0 0 0 0
0 0 0 0
0 0 0 0
0 0 0 0
0 0 0 0
0 0 0 0
31 -10 -7 -40
31 -10 -6 -53
28 -16 -5 -61
19 -12 -5 -21
19 -11 -7 -21
7 -6 -7 -34
7 11 -7 41
3 -8 -7 -29
-1 -18 -9 -29
-1 -32 -9 -13
-5 17 -10 -11
-4 17 -14 0
-3 -41 -13 2
-3 6 -13 -2
-20 2 -10 2
-21 1 -8 -3
-25 1 -9 -3
-36 3 -14 2
63 0 -12 -1
-1 -8 -8 -3
-14 0 4 0
4 0 4 0
-21 0 -11 0
-29 0 -11 0
1 0 -40 0
-4 0 19 0
-2 0 -17 0
-2 0 11 0
0 0 0 0
0 0 0 0
0 0 0 0
0 0 0 0
0 0 0 0
0 0 0 0
0 0 0 0
0 0 0 0
0 0 0 0
0 0 0 0
0 0 0 0
0 0 0 0
-7 -40 31 -10
-6 -53 31 -10
-5 -61 28 -16
-5 -21 19 -12
-7 -21 19 -11
-7 -34 7 -6
-7 41 7 11
-7 -29 3 -8
-9 -29 -1 -18
-9 -13 -1 -32
-10 -11 -5 17
-14 0 -4 17
-13 2 -3 -41
-13 -2 -3 6
-10 2 -20 2
-8 -3 -21 1
-9 -3 -25 1
-14 2 -36 3
-12 -1 63 0
-8 -3 -1 -8
4 0 -14 0
4 0 4 0
-11 0 -21 0
-11 0 -29 0
-40 0 1 0
19 0 -4 0
-17 0 -2 0
11 0 -2 0
0 0 0 0
0 0 0 0
0 0 0 0
0 0 0 0
0 0 0 0
0 0 0 0
0 0 0 0
0 0 0 0
0 0 0 0
0 0 0 0
0 0 0 0
0 0 0 0
31 -10 -7 -56
31 -13 -6 -64
28 -13 -5 -66
19 -21 -5 -55
19 -18 -7 -55
7 -23 -7 -33
7 -20 -7 -33
3 6 -7 82
-1 14 -9 -40
-1 9 -9 27
-5 -11 -10 27
-4 -11 -14 3
-3 -32 -13 3
-3 27 -13 -23
-20 27 -10 -23
-21 18 -8 -5
-25 32 -9 0
-36 12 -14 0
63 -1 -12 0
-1 -9 -8 1
-14 -23 4 -2
4 -25 4 1
-21 -28 -11 1
-29 0 -11 0
1 0 -40 0
-4 0 19 0
-2 0 -17 0
-2 0 11 0
0 0 0 0
0 0 0 0
0 0 0 0
0 0 0 0
0 0 0 0
0 0 0 0
0 0 0 0
0 0 0 0
0 0 0 0
0 0 0 0
0 0 0 0
0 0 0 0
-7 -56 31 -10
-6 -64 31 -13
-5 -66 28 -13
-5 -55 19 -21
-7 -55 19 -18
-7 -33 7 -23
-7 -33 7 -20
-7 82 3 6
-9 -40 -1 14
-9 27 -1 9
-10 27 -5 -11
-14 3 -4 -11
-13 3 -3 -32
-13 -23 -3 27
-10 -23 -20 27
-8 -5 -21 18
-9 0 -25 32
-14 0 -36 12
-12 0 63 -1
-8 1 -1 -9
4 -2 -14 -23
4 1 4 -25
-11 1 -21 -28
-11 0 -29 0
-40 0 1 0
19 0 -4 0
-17 0 -2 0
11 0 -2 0
0 0 0 0
0 0 0 0
0 0 0 0
0 0 0 0
0 0 0 0
0 0 0 0
0 0 0 0
0 0 0 0
0 0 0 0
0 0 0 0
0 0 0 0
0 0 0 0
31 -8 -7 -91
31 -13 -6 -21
28 -14 -5 -10
19 -13 -5 -23
19 -6 -7 18
7 12 -7 37
7 15 -7 -33
3 11 -7 -42
-1 -28 -9 5
-1 -18 -9 -37
-5 3 -10 -6
-4 -11 -14 -11
-3 9 -13 -7
-3 9 -13 -7
-20 5 -10 7
-21 0 -8 -5
-25 -6 -9 6
-36 -6 -14 6
63 -5 -12 0
-1 -8 -8 0
-14 -23 4 4
4 -23 4 4
-21 0 -11 0
-29 0 -11 0
1 0 -40 0
-4 0 19 0
-2 0 -17 0
-2 0 11 0
0 0 0 0
0 0 0 0
0 0 0 0
0 0 0 0
0 0 0 0
0 0 0 0
0 0 0 0
0 0 0 0
0 0 0 0
0 0 0 0
0 0 0 0
0 0 0 0
-7 -91 31 -8
-6 -21 31 -13
-5 -10 28 -14
-5 -23 19 -13
-7 18 19 -6
-7 37 7 12
-7 -33 7 15
-7 -42 3 11
-9 5 -1 -28
-9 -37 -1 -18
-10 -6 -5 3
-14 -11 -4 -11
-13 -7 -3 9
-13 -7 -3 9
-10 7 -20 5
-8 -5 -21 0
-9 6 -25 -6
-14 6 -36 -6
-12 0 63 -5
-8 0 -1 -8
4 4 -14 -23
4 4 4 -23
-11 0 -21 0
-11 0 -29 0
-40 0 1 0
19 0 -4 0
-17 0 -2 0
11 0 -2 0
0 0 0 0
0 0 0 0
0 0 0 0
0 0 0 0
0 0 0 0
0 0 0 0
0 0 0 0
0 0 0 0
0 0 0 0
0 0 0 0
0 0 0 0
0 0 0 0
31 -7 -7 -53
31 -6 -6 -55
28 -22 -5 -60
19 -22 -5 -60
19 -15 -7 -59
7 -23 -7 10
7 -6 -7 -5
3 -6 -7 -32
-1 22 -9 5
-1 27 -9 14
-5 -36 -10 -27
-4 56 -14 -6
-3 53 -13 -3
-3 -66 -13 -4
-20 46 -10 2
-21 24 -8 -6
-25 5 -9 -6
-36 -16 -14 -2
63 -19 -12 -5
-1 -19 -8 -6
-14 -22 4 -6
4 -27 4 -6
-21 -38 -11 -4
-29 -36 -11 -1
1 0 -40 0
-4 0 19 0
-2 0 -17 0
-2 0 11 0
0 0 0 0
0 0 0 0
0 0 0 0
0 0 0 0
0 0 0 0
0 0 0 0
0 0 0 0
0 0 0 0
0 0 0 0
0 0 0 0
0 0 0 0
0 0 0 0
-7 -53 31 -7
-6 -55 31 -6
-5 -60 28 -22
-5 -60 19 -22
-7 -59 19 -15
-7 10 7 -23
-7 -5 7 -6
-7 -32 3 -6
-9 5 -1 22
-9 14 -1 27
-10 -27 -5 -36
-14 -6 -4 56
-13 -3 -3 53
-13 -4 -3 -66
-10 2 -20 46
-8 -6 -21 24
-9 -6 -25 5
-14 -2 -36 -16
-12 -5 63 -19
-8 -6 -1 -19
4 -6 -14 -22
4 -6 4 -27
-11 -4 -21 -38
-11 -1 -29 -36
-40 0 1 0
19 0 -4 0
-17 0 -2 0
11 0 -2 0
0 0 0 0
0 0 0 0
0 0 0 0
0 0 0 0
0 0 0 0
0 0 0 0
0 0 0 0
0 0 0 0
0 0 0 0
0 0 0 0
0 0 0 0
0 0 0 0
31 -6 -7 -88
31 -6 -6 -88
28 -12 -5 -69
19 -12 -5 -22
19 -10 -7 -33
7 -8 -7 -33
7 15 -7 123
3 18 -7 -86
-1 -24 -9 -30
-1 -39 -9 -31
-5 16 -10 -12
-4 16 -14 -12
-3 13 -13 -8
-3 13 -13 -16
-20 5 -10 13
-21 5 -8 13
-25 -11 -9 -5
-36 -11 -14 -2
63 -4 -12 2
-1 -18 -8 -4
-14 -18 4 -4
4 -35 4 1
-21 -39 -11 -2
-29 0 -11 0
1 0 -40 0
-4 0 19 0
-2 0 -17 0
-2 0 11 0
0 0 0 0
0 0 0 0
0 0 0 0
0 0 0 0
0 0 0 0
0 0 0 0
0 0 0 0
0 0 0 0
0 0 0 0
0 0 0 0
0 0 0 0
0 0 0 0
-7 -88 31 -6
-6 -88 31 -6
-5 -69 28 -12
-5 -22 19 -12
-7 -33 19 -10
-7 -33 7 -8
-7 123 7 15
-7 -86 3 18
-9 -30 -1 -24
-9 -31 -1 -39
-10 -12 -5 16
-14 -12 -4 16
-13 -8 -3 13
-13 -16 -3 13
-10 13 -20 5
-8 13 -21 5
-9 -5 -25 -11
-14 -2 -36 -11
-12 2 63 -4
-8 -4 -1 -18
4 -4 -14 -18
4 1 4 -35
-11 -2 -21 -39
-11 0 -29 0
-40 0 1 0
19 0 -4 0
-17 0 -2 0
11 0 -2 0
0 0 0 0
0 0 0 0
0 0 0 0
0 0 0 0
0 0 0 0
0 0 0 0
0 0 0 0
0 0 0 0
0 0 0 0
0 0 0 0
0 0 0 0
0 0 0 0
31 -10 -7 -63
31 -13 -6 -63
28 -12 -5 -56
19 -23 -5 -57
19 -23 -7 -61
7 -15 -7 -53
7 -18 -7 150
3 13 -7 -58
-1 13 -9 -27
-1 37 -9 44
-5 -62 -10 -73
-4 16 -14 -9
-3 -24 -13 -9
-3 3 -13 0
-20 34 -10 -3
-21 7 -8 -4
-25 7 -9 -2
-36 -11 -14 0
63 -35 -12 -2
-1 -41 -8 -2
-14 0 4 0
4 0 4 0
-21 0 -11 0
-29 0 -11 0
1 0 -40 0
-4 0 19 0
-2 0 -17 0
-2 0 11 0
0 0 0 0
0 0 0 0
0 0 0 0
0 0 0 0
0 0 0 0
0 0 0 0
0 0 0 0
0 0 0 0
0 0 0 0
0 0 0 0
0 0 0 0
0 0 0 0
-7 -63 31 -10
-6 -63 31 -13
-5 -56 28 -12
-5 -57 19 -23
-7 -61 19 -23
-7 -53 7 -15
-7 150 7 -18
-7 -58 3 13
-9 -27 -1 13
-9 44 -1 37
-10 -73 -5 -62
-14 -9 -4 16
-13 -9 -3 -24
-13 0 -3 3
-10 -3 -20 34
-8 -4 -21 7
-9 -2 -25 7
-14 0 -36 -11
-12 -2 63 -35
-8 -2 -1 -41
4 0 -14 0
4 0 4 0
-11 0 -21 0
-11 0 -29 0
-40 0 1 0
19 0 -4 0
-17 0 -2 0
11 0 -2 0
0 0 0 0
0 0 0 0
0 0 0 0
0 0 0 0
0 0 0 0
0 0 0 0
0 0 0 0
0 0 0 0
0 0 0 0
0 0 0 0
0 0 0 0
0 0 0 0
31 -4 -7 -53
31 -6 -6 -52
28 -8 -5 -80
19 -11 -5 -50
19 -11 -7 -39
7 -10 -7 -31
7 -1 -7 -39
3 9 -7 150
-1 19 -9 -105
-1 -16 -9 -105
-5 -57 -10 46
-4 -61 -14 35
-3 -12 -13 -14
-3 -59 -13 10
-20 12 -10 -14
-21 9 -8 -3
-25 10 -9 5
-36 0 -14 0
63 0 -12 0
-1 0 -8 0
-14 0 4 0
4 0 4 0
-21 0 -11 0
-29 0 -11 0
1 0 -40 0
-4 0 19 0
-2 0 -17 0
-2 0 11 0
0 0 0 0
0 0 0 0
0 0 0 0
0 0 0 0
0 0 0 0
0 0 0 0
0 0 0 0
0 0 0 0
0 0 0 0
0 0 0 0
0 0 0 0
0 0 0 0
-7 -53 31 -4
-6 -52 31 -6
-5 -80 28 -8
-5 -50 19 -11
-7 -39 19 -11
-7 -31 7 -10
-7 -39 7 -1
-7 150 3 9
-9 -105 -1 19
-9 -105 -1 -16
-10 46 -5 -57
-14 35 -4 -61
-13 -14 -3 -12
-13 10 -3 -59
-10 -14 -20 12
-8 -3 -21 9
-9 5 -25 10
-14 0 -36 0
-12 0 63 0
-8 0 -1 0
4 0 -14 0
4 0 4 0
-11 0 -21 0
-11 0 -29 0
-40 0 1 0
19 0 -4 0
-17 0 -2 0
11 0 -2 0
0 0 0 0
0 0 0 0
0 0 0 0
0 0 0 0
0 0 0 0
0 0 0 0
0 0 0 0
0 0 0 0
0 0 0 0
0 0 0 0
0 0 0 0
0 0 0 0
31 -9 -7 -2
31 -14 -6 0
28 -20 -5 4
19 -27 -5 1
19 -32 -7 0
7 -38 -7 -3
7 -61 -7 -14
3 -69 -7 -8
-1 -69 -9 -8
-1 -64 -9 -11
-5 -70 -10 -15
-4 63 -14 -15
-3 63 -13 -12
-3 -27 -13 -12
-20 -4 -10 32
-21 -4 -8 32
-25 -31 -9 -40
-36 -13 -14 -9
63 1 -12 13
-1 2 -8 34
-14 4 4 36
4 2 4 27
-21 1 -11 -8
-29 -2 -11 -25
1 -2 -40 -25
-4 0 19 0
-2 0 -17 0
-2 0 11 0
0 0 0 0
0 0 0 0
0 0 0 0
0 0 0 0
0 0 0 0
0 0 0 0
0 0 0 0
0 0 0 0
0 0 0 0
0 0 0 0
0 0 0 0
0 0 0 0
-7 -2 31 -9
-6 0 31 -14
-5 4 28 -20
-5 1 19 -27
-7 0 19 -32
-7 -3 7 -38
-7 -14 7 -61
-7 -8 3 -69
-9 -8 -1 -69
-9 -11 -1 -64
-10 -15 -5 -70
-14 -15 -4 63
-13 -12 -3 63
-13 -12 -3 -27
-10 32 -20 -4
-8 32 -21 -4
-9 -40 -25 -31
-14 -9 -36 -13
-12 13 63 1
-8 34 -1 2
4 36 -14 4
4 27 4 2
-11 -8 -21 1
-11 -25 -29 -2
-40 -25 1 -2
19 0 -4 0
-17 0 -2 0
11 0 -2 0
0 0 0 0
0 0 0 0
0 0 0 0
0 0 0 0
0 0 0 0
0 0 0 0
0 0 0 0
0 0 0 0
0 0 0 0
0 0 0 0
0 0 0 0
0 0 0 0
-9 -9 -45 -45
-5 -5 -74 -74
-16 -16 -66 -66
-16 -16 -66 -66
-23 -23 -60 -60
-14 -14 58 58
-14 -14 18 18
-14 -14 18 18
27 27 -3 -3
7 7 -4 -4
-40 -40 -8 -8
-3 -3 -28 -28
24 24 -4 -4
-41 -41 -5 -5
27 27 -8 -8
27 27 -8 -8
-1 -1 -7 -7
-3 -3 -3 -3
-15 -15 -6 -6
0 0 0 0
0 0 0 0
0 0 0 0
0 0 0 0
0 0 0 0
0 0 0 0
0 0 0 0
0 0 0 0
0 0 0 0
0 0 0 0
0 0 0 0
0 0 0 0
0 0 0 0
0 0 0 0
0 0 0 0
0 0 0 0
0 0 0 0
0 0 0 0
0 0 0 0
0 0 0 0
0 0 0 0
-45 -45 -9 -9
-74 -74 -5 -5
-66 -66 -16 -16
-66 -66 -16 -16
-60 -60 -23 -23
58 58 -14 -14
18 18 -14 -14
18 18 -14 -14
-3 -3 27 27
-4 -4 7 7
-8 -8 -40 -40
-28 -28 -3 -3
-4 -4 24 24
-5 -5 -41 -41
-8 -8 27 27
-8 -8 27 27
-7 -7 -1 -1
-3 -3 -3 -3
-6 -6 -15 -15
0 0 0 0
0 0 0 0
0 0 0 0
0 0 0 0
0 0 0 0
0 0 0 0
0 0 0 0
0 0 0 0
0 0 0 0
0 0 0 0
0 0 0 0
0 0 0 0
0 0 0 0
0 0 0 0
0 0 0 0
0 0 0 0
0 0 0 0
0 0 0 0
0 0 0 0
0 0 0 0
0 0 0 0
-9 -10 -45 -40
-5 -10 -74 -53
-16 -16 -66 -61
-16 -12 -66 -21
-23 -11 -60 -21
-14 -6 58 -34
-14 11 18 41
-14 -8 18 -29
27 -18 -3 -29
7 -32 -4 -13
-40 17 -8 -11
-3 17 -28 0
24 -41 -4 2
-41 6 -5 -2
27 2 -8 2
27 1 -8 -3
-1 1 -7 -3
-3 3 -3 2
-15 0 -6 -1
0 -8 0 -3
0 0 0 0
0 0 0 0
0 0 0 0
0 0 0 0
0 0 0 0
0 0 0 0
0 0 0 0
0 0 0 0
0 0 0 0
0 0 0 0
0 0 0 0
0 0 0 0
0 0 0 0
0 0 0 0
0 0 0 0
0 0 0 0
0 0 0 0
0 0 0 0
0 0 0 0
0 0 0 0
-45 -40 -9 -10
-74 -53 -5 -10
-66 -61 -16 -16
-66 -21 -16 -12
-60 -21 -23 -11
58 -34 -14 -6
18 41 -14 11
18 -29 -14 -8
-3 -29 27 -18
-4 -13 7 -32
-8 -11 -40 17
-28 0 -3 17
-4 2 24 -41
-5 -2 -41 6
-8 2 27 2
-8 -3 27 1
-7 -3 -1 1
-3 2 -3 3
-6 -1 -15 0
0 -3 0 -8
0 0 0 0
0 0 0 0
0 0 0 0
0 0 0 0
0 0 0 0
0 0 0 0
0 0 0 0
0 0 0 0
0 0 0 0
0 0 0 0
0 0 0 0
0 0 0 0
0 0 0 0
0 0 0 0
0 0 0 0
0 0 0 0
0 0 0 0
0 0 0 0
0 0 0 0
0 0 0 0
-9 -10 -45 -56
-5 -13 -74 -64
-16 -13 -66 -66
-16 -21 -66 -55
-23 -18 -60 -55
-14 -23 58 -33
-14 -20 18 -33
-14 6 18 82
27 14 -3 -40
7 9 -4 27
-40 -11 -8 27
-3 -11 -28 3
24 -32 -4 3
-41 27 -5 -23
27 27 -8 -23
27 18 -8 -5
-1 32 -7 0
-3 12 -3 0
-15 -1 -6 0
0 -9 0 1
0 -23 0 -2
0 -25 0 1
0 -28 0 1
0 0 0 0
0 0 0 0
0 0 0 0
0 0 0 0
0 0 0 0
0 0 0 0
0 0 0 0
0 0 0 0
0 0 0 0
0 0 0 0
0 0 0 0
0 0 0 0
0 0 0 0
0 0 0 0
0 0 0 0
0 0 0 0
0 0 0 0
-45 -56 -9 -10
-74 -64 -5 -13
-66 -66 -16 -13
-66 -55 -16 -21
-60 -55 -23 -18
58 -33 -14 -23
18 -33 -14 -20
18 82 -14 6
-3 -40 27 14
-4 27 7 9
-8 27 -40 -11
-28 3 -3 -11
-4 3 24 -32
-5 -23 -41 27
-8 -23 27 27
-8 -5 27 18
-7 0 -1 32
-3 0 -3 12
-6 0 -15 -1
0 1 0 -9
0 -2 0 -23
0 1 0 -25
0 1 0 -28
0 0 0 0
0 0 0 0
0 0 0 0
0 0 0 0
0 0 0 0
0 0 0 0
0 0 0 0
0 0 0 0
0 0 0 0
0 0 0 0
0 0 0 0
0 0 0 0
0 0 0 0
0 0 0 0
0 0 0 0
0 0 0 0
0 0 0 0
-9 -8 -45 -91
-5 -13 -74 -21
-16 -14 -66 -10
-16 -13 -66 -23
-23 -6 -60 18
-14 12 58 37
-14 15 18 -33
-14 11 18 -42
27 -28 -3 5
7 -18 -4 -37
-40 3 -8 -6
-3 -11 -28 -11
24 9 -4 -7
-41 9 -5 -7
27 5 -8 7
27 0 -8 -5
-1 -6 -7 6
-3 -6 -3 6
-15 -5 -6 0
0 -8 0 0
0 -23 0 4
0 -23 0 4
0 0 0 0
0 0 0 0
0 0 0 0
0 0 0 0
0 0 0 0
0 0 0 0
0 0 0 0
0 0 0 0
0 0 0 0
0 0 0 0
0 0 0 0
0 0 0 0
0 0 0 0
0 0 0 0
0 0 0 0
0 0 0 0
0 0 0 0
0 0 0 0
-45 -91 -9 -8
-74 -21 -5 -13
-66 -10 -16 -14
-66 -23 -16 -13
-60 18 -23 -6
58 37 -14 12
18 -33 -14 15
18 -42 -14 11
-3 5 27 -28
-4 -37 7 -18
-8 -6 -40 3
-28 -11 -3 -11
-4 -7 24 9
-5 -7 -41 9
-8 7 27 5
-8 -5 27 0
-7 6 -1 -6
-3 6 -3 -6
-6 0 -15 -5
0 0 0 -8
0 4 0 -23
0 4 0 -23
0 0 0 0
0 0 0 0
0 0 0 0
0 0 0 0
0 0 0 0
0 0 0 0
0 0 0 0
0 0 0 0
0 0 0 0
0 0 0 0
0 0 0 0
0 0 0 0
0 0 0 0
0 0 0 0
0 0 0 0
0 0 0 0
0 0 0 0
0 0 0 0
-9 -7 -45 -53
-5 -6 -74 -55
-16 -22 -66 -60
-16 -22 -66 -60
-23 -15 -60 -59
-14 -23 58 10
-14 -6 18 -5
-14 -6 18 -32
27 22 -3 5
7 27 -4 14
-40 -36 -8 -27
-3 56 -28 -6
24 53 -4 -3
-41 -66 -5 -4
27 46 -8 2
27 24 -8 -6
-1 5 -7 -6
-3 -16 -3 -2
-15 -19 -6 -5
0 -19 0 -6
0 -22 0 -6
0 -27 0 -6
0 -38 0 -4
0 -36 0 -1
0 0 0 0
0 0 0 0
0 0 0 0
0 0 0 0
0 0 0 0
0 0 0 0
0 0 0 0
0 0 0 0
0 0 0 0
0 0 0 0
0 0 0 0
0 0 0 0
0 0 0 0
0 0 0 0
0 0 0 0
0 0 0 0
-45 -53 -9 -7
-74 -55 -5 -6
-66 -60 -16 -22
-66 -60 -16 -22
-60 -59 -23 -15
58 10 -14 -23
18 -5 -14 -6
18 -32 -14 -6
-3 5 27 22
-4 14 7 27
-8 -27 -40 -36
-28 -6 -3 56
-4 -3 24 53
-5 -4 -41 -66
-8 2 27 46
-8 -6 27 24
-7 -6 -1 5
-3 -2 -3 -16
-6 -5 -15 -19
0 -6 0 -19
0 -6 0 -22
0 -6 0 -27
0 -4 0 -38
0 -1 0 -36
0 0 0 0
0 0 0 0
0 0 0 0
0 0 0 0
0 0 0 0
0 0 0 0
0 0 0 0
0 0 0 0
0 0 0 0
0 0 0 0
0 0 0 0
0 0 0 0
0 0 0 0
0 0 0 0
0 0 0 0
0 0 0 0
-9 -6 -45 -88
-5 -6 -74 -88
-16 -12 -66 -69
-16 -12 -66 -22
-23 -10 -60 -33
-14 -8 58 -33
-14 15 18 123
-14 18 18 -86
27 -24 -3 -30
7 -39 -4 -31
-40 16 -8 -12
-3 16 -28 -12
24 13 -4 -8
-41 13 -5 -16
27 5 -8 13
27 5 -8 13
-1 -11 -7 -5
-3 -11 -3 -2
-15 -4 -6 2
0 -18 0 -4
0 -18 0 -4
0 -35 0 1
0 -39 0 -2
0 0 0 0
0 0 0 0
0 0 0 0
0 0 0 0
0 0 0 0
0 0 0 0
0 0 0 0
0 0 0 0
0 0 0 0
0 0 0 0
0 0 0 0
0 0 0 0
0 0 0 0
0 0 0 0
0 0 0 0
0 0 0 0
0 0 0 0
-45 -88 -9 -6
-74 -88 -5 -6
-66 -69 -16 -12
-66 -22 -16 -12
-60 -33 -23 -10
58 -33 -14 -8
18 123 -14 15
18 -86 -14 18
-3 -30 27 -24
-4 -31 7 -39
-8 -12 -40 16
-28 -12 -3 16
-4 -8 24 13
-5 -16 -41 13
-8 13 27 5
-8 13 27 5
-7 -5 -1 -11
-3 -2 -3 -11
-6 2 -15 -4
0 -4 0 -18
0 -4 0 -18
0 1 0 -35
0 -2 0 -39
0 0 0 0
0 0 0 0
0 0 0 0
0 0 0 0
0 0 0 0
0 0 0 0
0 0 0 0
0 0 0 0
0 0 0 0
0 0 0 0
0 0 0 0
0 0 0 0
0 0 0 0
0 0 0 0
0 0 0 0
0 0 0 0
0 0 0 0
-9 -10 -45 -63
-5 -13 -74 -63
-16 -12 -66 -56
-16 -23 -66 -57
-23 -23 -60 -61
-14 -15 58 -53
-14 -18 18 150
-14 13 18 -58
27 13 -3 -27
7 37 -4 44
-40 -62 -8 -73
-3 16 -28 -9
24 -24 -4 -9
-41 3 -5 0
27 34 -8 -3
27 7 -8 -4
-1 7 -7 -2
-3 -11 -3 0
-15 -35 -6 -2
0 -41 0 -2
0 0 0 0
0 0 0 0
0 0 0 0
0 0 0 0
0 0 0 0
0 0 0 0
0 0 0 0
0 0 0 0
0 0 0 0
0 0 0 0
0 0 0 0
0 0 0 0
0 0 0 0
0 0 0 0
0 0 0 0
0 0 0 0
0 0 0 0
0 0 0 0
0 0 0 0
0 0 0 0
-45 -63 -9 -10
-74 -63 -5 -13
-66 -56 -16 -12
-66 -57 -16 -23
-60 -61 -23 -23
58 -53 -14 -15
18 150 -14 -18
18 -58 -14 13
-3 -27 27 13
-4 44 7 37
-8 -73 -40 -62
-28 -9 -3 16
-4 -9 24 -24
-5 0 -41 3
-8 -3 27 34
-8 -4 27 7
-7 -2 -1 7
-3 0 -3 -11
-6 -2 -15 -35
0 -2 0 -41
0 0 0 0
0 0 0 0
0 0 0 0
0 0 0 0
0 0 0 0
0 0 0 0
0 0 0 0
0 0 0 0
0 0 0 0
0 0 0 0
0 0 0 0
0 0 0 0
0 0 0 0
0 0 0 0
0 0 0 0
0 0 0 0
0 0 0 0
0 0 0 0
0 0 0 0
0 0 0 0
-9 -4 -45 -53
-5 -6 -74 -52
-16 -8 -66 -80
-16 -11 -66 -50
-23 -11 -60 -39
-14 -10 58 -31
-14 -1 18 -39
-14 9 18 150
27 19 -3 -105
7 -16 -4 -105
-40 -57 -8 46
-3 -61 -28 35
24 -12 -4 -14
-41 -59 -5 10
27 12 -8 -14
27 9 -8 -3
-1 10 -7 5
-3 0 -3 0
-15 0 -6 0
0 0 0 0
0 0 0 0
0 0 0 0
0 0 0 0
0 0 0 0
0 0 0 0
0 0 0 0
0 0 0 0
0 0 0 0
0 0 0 0
0 0 0 0
0 0 0 0
0 0 0 0
0 0 0 0
0 0 0 0
0 0 0 0
0 0 0 0
0 0 0 0
0 0 0 0
0 0 0 0
0 0 0 0
-45 -53 -9 -4
-74 -52 -5 -6
-66 -80 -16 -8
-66 -50 -16 -11
-60 -39 -23 -11
58 -31 -14 -10
18 -39 -14 -1
18 150 -14 9
-3 -105 27 19
-4 -105 7 -16
-8 46 -40 -57
-28 35 -3 -61
-4 -14 24 -12
-5 10 -41 -59
-8 -14 27 12
-8 -3 27 9
-7 5 -1 10
-3 0 -3 0
-6 0 -15 0
0 0 0 0
0 0 0 0
0 0 0 0
0 0 0 0
0 0 0 0
0 0 0 0
0 0 0 0
0 0 0 0
0 0 0 0
0 0 0 0
0 0 0 0
0 0 0 0
0 0 0 0
0 0 0 0
0 0 0 0
0 0 0 0
0 0 0 0
0 0 0 0
0 0 0 0
0 0 0 0
0 0 0 0
-9 -9 -45 -2
-5 -14 -74 0
-16 -20 -66 4
-16 -27 -66 1
-23 -32 -60 0
-14 -38 58 -3
-14 -61 18 -14
-14 -69 18 -8
27 -69 -3 -8
7 -64 -4 -11
-40 -70 -8 -15
-3 63 -28 -15
24 63 -4 -12
-41 -27 -5 -12
27 -4 -8 32
27 -4 -8 32
-1 -31 -7 -40
-3 -13 -3 -9
-15 1 -6 13
0 2 0 34
0 4 0 36
0 2 0 27
0 1 0 -8
0 -2 0 -25
0 -2 0 -25
0 0 0 0
0 0 0 0
0 0 0 0
0 0 0 0
0 0 0 0
0 0 0 0
0 0 0 0
0 0 0 0
0 0 0 0
0 0 0 0
0 0 0 0
0 0 0 0
0 0 0 0
0 0 0 0
0 0 0 0
-45 -2 -9 -9
-74 0 -5 -14
-66 4 -16 -20
-66 1 -16 -27
-60 0 -23 -32
58 -3 -14 -38
18 -14 -14 -61
18 -8 -14 -69
-3 -8 27 -69
-4 -11 7 -64
-8 -15 -40 -70
-28 -15 -3 63
-4 -12 24 63
-5 -12 -41 -27
-8 32 27 -4
-8 32 27 -4
-7 -40 -1 -31
-3 -9 -3 -13
-6 13 -15 1
0 34 0 2
0 36 0 4
0 27 0 2
0 -8 0 1
0 -25 0 -2
0 -25 0 -2
0 0 0 0
0 0 0 0
0 0 0 0
0 0 0 0
0 0 0 0
0 0 0 0
0 0 0 0
0 0 0 0
0 0 0 0
0 0 0 0
0 0 0 0
0 0 0 0
0 0 0 0
0 0 0 0
0 0 0 0
-10 -10 -40 -40
-10 -10 -53 -53
-16 -16 -61 -61
-12 -12 -21 -21
-11 -11 -21 -21
-6 -6 -34 -34
11 11 41 41
-8 -8 -29 -29
-18 -18 -29 -29
-32 -32 -13 -13
17 17 -11 -11
17 17 0 0
-41 -41 2 2
6 6 -2 -2
2 2 2 2
1 1 -3 -3
1 1 -3 -3
3 3 2 2
0 0 -1 -1
-8 -8 -3 -3
0 0 0 0
0 0 0 0
0 0 0 0
0 0 0 0
0 0 0 0
0 0 0 0
0 0 0 0
0 0 0 0
0 0 0 0
0 0 0 0
0 0 0 0
0 0 0 0
0 0 0 0
0 0 0 0
0 0 0 0
0 0 0 0
0 0 0 0
0 0 0 0
0 0 0 0
0 0 0 0
-40 -40 -10 -10
-53 -53 -10 -10
-61 -61 -16 -16
-21 -21 -12 -12
-21 -21 -11 -11
-34 -34 -6 -6
41 41 11 11
-29 -29 -8 -8
-29 -29 -18 -18
-13 -13 -32 -32
-11 -11 17 17
0 0 17 17
2 2 -41 -41
-2 -2 6 6
2 2 2 2
-3 -3 1 1
-3 -3 1 1
2 2 3 3
-1 -1 0 0
-3 -3 -8 -8
0 0 0 0
0 0 0 0
0 0 0 0
0 0 0 0
0 0 0 0
0 0 0 0
0 0 0 0
0 0 0 0
0 0 0 0
0 0 0 0
0 0 0 0
0 0 0 0
0 0 0 0
0 0 0 0
0 0 0 0
0 0 0 0
0 0 0 0
0 0 0 0
0 0 0 0
0 0 0 0
-10 -10 -40 -56
-10 -13 -53 -64
-16 -13 -61 -66
-12 -21 -21 -55
-11 -18 -21 -55
-6 -23 -34 -33
11 -20 41 -33
-8 6 -29 82
-18 14 -29 -40
-32 9 -13 27
17 -11 -11 27
17 -11 0 3
-41 -32 2 3
6 27 -2 -23
2 27 2 -23
1 18 -3 -5
1 32 -3 0
3 12 2 0
0 -1 -1 0
-8 -9 -3 1
0 -23 0 -2
0 -25 0 1
0 -28 0 1
0 0 0 0
0 0 0 0
0 0 0 0
0 0 0 0
0 0 0 0
0 0 0 0
0 0 0 0
0 0 0 0
0 0 0 0
0 0 0 0
0 0 0 0
0 0 0 0
0 0 0 0
0 0 0 0
0 0 0 0
0 0 0 0
0 0 0 0
-40 -56 -10 -10
-53 -64 -10 -13
-61 -66 -16 -13
-21 -55 -12 -21
-21 -55 -11 -18
-34 -33 -6 -23
41 -33 11 -20
-29 82 -8 6
-29 -40 -18 14
-13 27 -32 9
-11 27 17 -11
0 3 17 -11
2 3 -41 -32
-2 -23 6 27
2 -23 2 27
-3 -5 1 18
-3 0 1 32
2 0 3 12
-1 0 0 -1
-3 1 -8 -9
0 -2 0 -23
0 1 0 -25
0 1 0 -28
0 0 0 0
0 0 0 0
0 0 0 0
0 0 0 0
0 0 0 0
0 0 0 0
0 0 0 0
0 0 0 0
0 0 0 0
0 0 0 0
0 0 0 0
0 0 0 0
0 0 0 0
0 0 0 0
0 0 0 0
0 0 0 0
0 0 0 0
-10 -8 -40 -91
-10 -13 -53 -21
-16 -14 -61 -10
-12 -13 -21 -23
-11 -6 -21 18
-6 12 -34 37
11 15 41 -33
-8 11 -29 -42
-18 -28 -29 5
-32 -18 -13 -37
17 3 -11 -6
17 -11 0 -11
-41 9 2 -7
6 9 -2 -7
2 5 2 7
1 0 -3 -5
1 -6 -3 6
3 -6 2 6
0 -5 -1 0
-8 -8 -3 0
0 -23 0 4
0 -23 0 4
0 0 0 0
0 0 0 0
0 0 0 0
0 0 0 0
0 0 0 0
0 0 0 0
0 0 0 0
0 0 0 0
0 0 0 0
0 0 0 0
0 0 0 0
0 0 0 0
0 0 0 0
0 0 0 0
0 0 0 0
0 0 0 0
0 0 0 0
0 0 0 0
-40 -91 -10 -8
-53 -21 -10 -13
-61 -10 -16 -14
-21 -23 -12 -13
-21 18 -11 -6
-34 37 -6 12
41 -33 11 15
-29 -42 -8 11
-29 5 -18 -28
-13 -37 -32 -18
-11 -6 17 3
0 -11 17 -11
2 -7 -41 9
-2 -7 6 9
2 7 2 5
-3 -5 1 0
-3 6 1 -6
2 6 3 -6
-1 0 0 -5
-3 0 -8 -8
0 4 0 -23
0 4 0 -23
0 0 0 0
0 0 0 0
0 0 0 0
0 0 0 0
0 0 0 0
0 0 0 0
0 0 0 0
0 0 0 0
0 0 0 0
0 0 0 0
0 0 0 0
0 0 0 0
0 0 0 0
0 0 0 0
0 0 0 0
0 0 0 0
0 0 0 0
0 0 0 0
-10 -7 -40 -53
-10 -6 -53 -55
-16 -22 -61 -60
-12 -22 -21 -60
-11 -15 -21 -59
-6 -23 -34 10
11 -6 41 -5
-8 -6 -29 -32
-18 22 -29 5
-32 27 -13 14
17 -36 -11 -27
17 56 0 -6
-41 53 2 -3
6 -66 -2 -4
2 46 2 2
1 24 -3 -6
1 5 -3 -6
3 -16 2 -2
0 -19 -1 -5
-8 -19 -3 -6
0 -22 0 -6
0 -27 0 -6
0 -38 0 -4
0 -36 0 -1
0 0 0 0
0 0 0 0
0 0 0 0
0 0 0 0
0 0 0 0
0 0 0 0
0 0 0 0
0 0 0 0
0 0 0 0
0 0 0 0
0 0 0 0
0 0 0 0
0 0 0 0
0 0 0 0
0 0 0 0
0 0 0 0
-40 -53 -10 -7
-53 -55 -10 -6
-61 -60 -16 -22
-21 -60 -12 -22
-21 -59 -11 -15
-34 10 -6 -23
41 -5 11 -6
-29 -32 -8 -6
-29 5 -18 22
-13 14 -32 27
-11 -27 17 -36
0 -6 17 56
2 -3 -41 53
-2 -4 6 -66
2 2 2 46
-3 -6 1 24
-3 -6 1 5
2 -2 3 -16
-1 -5 0 -19
-3 -6 -8 -19
0 -6 0 -22
0 -6 0 -27
0 -4 0 -38
0 -1 0 -36
0 0 0 0
0 0 0 0
0 0 0 0
0 0 0 0
0 0 0 0
0 0 0 0
0 0 0 0
0 0 0 0
0 0 0 0
0 0 0 0
0 0 0 0
0 0 0 0
0 0 0 0
0 0 0 0
0 0 0 0
0 0 0 0
-10 -6 -40 -88
-10 -6 -53 -88
-16 -12 -61 -69
-12 -12 -21 -22
-11 -10 -21 -33
-6 -8 -34 -33
11 15 41 123
-8 18 -29 -86
-18 -24 -29 -30
-32 -39 -13 -31
17 16 -11 -12
17 16 0 -12
-41 13 2 -8
6 13 -2 -16
2 5 2 13
1 5 -3 13
1 -11 -3 -5
3 -11 2 -2
0 -4 -1 2
-8 -18 -3 -4
0 -18 0 -4
0 -35 0 1
0 -39 0 -2
0 0 0 0
0 0 0 0
0 0 0 0
0 0 0 0
0 0 0 0
0 0 0 0
0 0 0 0
0 0 0 0
0 0 0 0
0 0 0 0
0 0 0 0
0 0 0 0
0 0 0 0
0 0 0 0
0 0 0 0
0 0 0 0
0 0 0 0
-40 -88 -10 -6
-53 -88 -10 -6
-61 -69 -16 -12
-21 -22 -12 -12
-21 -33 -11 -10
-34 -33 -6 -8
41 123 11 15
-29 -86 -8 18
-29 -30 -18 -24
-13 -31 -32 -39
-11 -12 17 16
0 -12 17 16
2 -8 -41 13
-2 -16 6 13
2 13 2 5
-3 13 1 5
-3 -5 1 -11
2 -2 3 -11
-1 2 0 -4
-3 -4 -8 -18
0 -4 0 -18
0 1 0 -35
0 -2 0 -39
0 0 0 0
0 0 0 0
0 0 0 0
0 0 0 0
0 0 0 0
0 0 0 0
0 0 0 0
0 0 0 0
0 0 0 0
0 0 0 0
0 0 0 0
0 0 0 0
0 0 0 0
0 0 0 0
0 0 0 0
0 0 0 0
0 0 0 0
-10 -10 -40 -63
-10 -13 -53 -63
-16 -12 -61 -56
-12 -23 -21 -57
-11 -23 -21 -61
-6 -15 -34 -53
11 -18 41 150
-8 13 -29 -58
-18 13 -29 -27
-32 37 -13 44
17 -62 -11 -73
17 16 0 -9
-41 -24 2 -9
6 3 -2 0
2 34 2 -3
1 7 -3 -4
1 7 -3 -2
3 -11 2 0
0 -35 -1 -2
-8 -41 -3 -2
0 0 0 0
0 0 0 0
0 0 0 0
0 0 0 0
0 0 0 0
0 0 0 0
0 0 0 0
0 0 0 0
0 0 0 0
0 0 0 0
0 0 0 0
0 0 0 0
0 0 0 0
0 0 0 0
0 0 0 0
0 0 0 0
0 0 0 0
0 0 0 0
0 0 0 0
0 0 0 0
-40 -63 -10 -10
-53 -63 -10 -13
-61 -56 -16 -12
-21 -57 -12 -23
-21 -61 -11 -23
-34 -53 -6 -15
41 150 11 -18
-29 -58 -8 13
-29 -27 -18 13
-13 44 -32 37
-11 -73 17 -62
0 -9 17 16
2 -9 -41 -24
-2 0 6 3
2 -3 2 34
-3 -4 1 7
-3 -2 1 7
2 0 3 -11
-1 -2 0 -35
-3 -2 -8 -41
0 0 0 0
0 0 0 0
0 0 0 0
0 0 0 0
0 0 0 0
0 0 0 0
0 0 0 0
0 0 0 0
0 0 0 0
0 0 0 0
0 0 0 0
0 0 0 0
0 0 0 0
0 0 0 0
0 0 0 0
0 0 0 0
0 0 0 0
0 0 0 0
0 0 0 0
0 0 0 0
-10 -4 -40 -53
-10 -6 -53 -52
-16 -8 -61 -80
-12 -11 -21 -50
-11 -11 -21 -39
-6 -10 -34 -31
11 -1 41 -39
-8 9 -29 150
-18 19 -29 -105
-32 -16 -13 -105
17 -57 -11 46
17 -61 0 35
-41 -12 2 -14
6 -59 -2 10
2 12 2 -14
1 9 -3 -3
1 10 -3 5
3 0 2 0
0 0 -1 0
-8 0 -3 0
0 0 0 0
0 0 0 0
0 0 0 0
0 0 0 0
0 0 0 0
0 0 0 0
0 0 0 0
0 0 0 0
0 0 0 0
0 0 0 0
0 0 0 0
0 0 0 0
0 0 0 0
0 0 0 0
0 0 0 0
0 0 0 0
0 0 0 0
0 0 0 0
0 0 0 0
0 0 0 0
-40 -53 -10 -4
-53 -52 -10 -6
-61 -80 -16 -8
-21 -50 -12 -11
-21 -39 -11 -11
-34 -31 -6 -10
41 -39 11 -1
-29 150 -8 9
-29 -105 -18 19
-13 -105 -32 -16
-11 46 17 -57
0 35 17 -61
2 -14 -41 -12
-2 10 6 -59
2 -14 2 12
-3 -3 1 9
-3 5 1 10
2 0 3 0
-1 0 0 0
-3 0 -8 0
0 0 0 0
0 0 0 0
0 0 0 0
0 0 0 0
0 0 0 0
0 0 0 0
0 0 0 0
0 0 0 0
0 0 0 0
0 0 0 0
0 0 0 0
0 0 0 0
0 0 0 0
0 0 0 0
0 0 0 0
0 0 0 0
0 0 0 0
0 0 0 0
0 0 0 0
0 0 0 0
-10 -9 -40 -2
-10 -14 -53 0
-16 -20 -61 4
-12 -27 -21 1
-11 -32 -21 0
-6 -38 -34 -3
11 -61 41 -14
-8 -69 -29 -8
-18 -69 -29 -8
-32 -64 -13 -11
17 -70 -11 -15
17 63 0 -15
-41 63 2 -12
6 -27 -2 -12
2 -4 2 32
1 -4 -3 32
1 -31 -3 -40
3 -13 2 -9
0 1 -1 13
-8 2 -3 34
0 4 0 36
0 2 0 27
0 1 0 -8
0 -2 0 -25
0 -2 0 -25
0 0 0 0
0 0 0 0
0 0 0 0
0 0 0 0
0 0 0 0
0 0 0 0
0 0 0 0
0 0 0 0
0 0 0 0
0 0 0 0
0 0 0 0
0 0 0 0
0 0 0 0
0 0 0 0
0 0 0 0
-40 -2 -10 -9
-53 0 -10 -14
-61 4 -16 -20
-21 1 -12 -27
-21 0 -11 -32
-34 -3 -6 -38
41 -14 11 -61
-29 -8 -8 -69
-29 -8 -18 -69
-13 -11 -32 -64
-11 -15 17 -70
0 -15 17 63
2 -12 -41 63
-2 -12 6 -27
2 32 2 -4
-3 32 1 -4
-3 -40 1 -31
2 -9 3 -13
-1 13 0 1
-3 34 -8 2
0 36 0 4
0 27 0 2
0 -8 0 1
0 -25 0 -2
0 -25 0 -2
0 0 0 0
0 0 0 0
0 0 0 0
0 0 0 0
0 0 0 0
0 0 0 0
0 0 0 0
0 0 0 0
0 0 0 0
0 0 0 0
0 0 0 0
0 0 0 0
0 0 0 0
0 0 0 0
0 0 0 0
-10 -10 -56 -56
-13 -13 -64 -64
-13 -13 -66 -66
-21 -21 -55 -55
-18 -18 -55 -55
-23 -23 -33 -33
-20 -20 -33 -33
6 6 82 82
14 14 -40 -40
9 9 27 27
-11 -11 27 27
-11 -11 3 3
-32 -32 3 3
27 27 -23 -23
27 27 -23 -23
18 18 -5 -5
32 32 0 0
12 12 0 0
-1 -1 0 0
-9 -9 1 1
-23 -23 -2 -2
-25 -25 1 1
-28 -28 1 1
0 0 0 0
0 0 0 0
0 0 0 0
0 0 0 0
0 0 0 0
0 0 0 0
0 0 0 0
0 0 0 0
0 0 0 0
0 0 0 0
0 0 0 0
0 0 0 0
0 0 0 0
0 0 0 0
0 0 0 0
0 0 0 0
0 0 0 0
-56 -56 -10 -10
-64 -64 -13 -13
-66 -66 -13 -13
-55 -55 -21 -21
-55 -55 -18 -18
-33 -33 -23 -23
-33 -33 -20 -20
82 82 6 6
-40 -40 14 14
27 27 9 9
27 27 -11 -11
3 3 -11 -11
3 3 -32 -32
-23 -23 27 27
-23 -23 27 27
-5 -5 18 18
0 0 32 32
0 0 12 12
0 0 -1 -1
1 1 -9 -9
-2 -2 -23 -23
1 1 -25 -25
1 1 -28 -28
0 0 0 0
0 0 0 0
0 0 0 0
0 0 0 0
0 0 0 0
0 0 0 0
0 0 0 0
0 0 0 0
0 0 0 0
0 0 0 0
0 0 0 0
0 0 0 0
0 0 0 0
0 0 0 0
0 0 0 0
0 0 0 0
0 0 0 0
-10 -8 -56 -91
-13 -13 -64 -21
-13 -14 -66 -10
-21 -13 -55 -23
-18 -6 -55 18
-23 12 -33 37
-20 15 -33 -33
6 11 82 -42
14 -28 -40 5
9 -18 27 -37
-11 3 27 -6
-11 -11 3 -11
-32 9 3 -7
27 9 -23 -7
27 5 -23 7
18 0 -5 -5
32 -6 0 6
12 -6 0 6
-1 -5 0 0
-9 -8 1 0
-23 -23 -2 4
-25 -23 1 4
-28 0 1 0
0 0 0 0
0 0 0 0
0 0 0 0
0 0 0 0
0 0 0 0
0 0 0 0
0 0 0 0
0 0 0 0
0 0 0 0
0 0 0 0
0 0 0 0
0 0 0 0
0 0 0 0
0 0 0 0
0 0 0 0
0 0 0 0
0 0 0 0
-56 -91 -10 -8
-64 -21 -13 -13
-66 -10 -13 -14
-55 -23 -21 -13
-55 18 -18 -6
-33 37 -23 12
-33 -33 -20 15
82 -42 6 11
-40 5 14 -28
27 -37 9 -18
27 -6 -11 3
3 -11 -11 -11
3 -7 -32 9
-23 -7 27 9
-23 7 27 5
-5 -5 18 0
0 6 32 -6
0 6 12 -6
0 0 -1 -5
1 0 -9 -8
-2 4 -23 -23
1 4 -25 -23
1 0 -28 0
0 0 0 0
0 0 0 0
0 0 0 0
0 0 0 0
0 0 0 0
0 0 0 0
0 0 0 0
0 0 0 0
0 0 0 0
0 0 0 0
0 0 0 0
0 0 0 0
0 0 0 0
0 0 0 0
0 0 0 0
0 0 0 0
0 0 0 0
-10 -7 -56 -53
-13 -6 -64 -55
-13 -22 -66 -60
-21 -22 -55 -60
-18 -15 -55 -59
-23 -23 -33 10
-20 -6 -33 -5
6 -6 82 -32
14 22 -40 5
9 27 27 14
-11 -36 27 -27
-11 56 3 -6
-32 53 3 -3
27 -66 -23 -4
27 46 -23 2
18 24 -5 -6
32 5 0 -6
12 -16 0 -2
-1 -19 0 -5
-9 -19 1 -6
-23 -22 -2 -6
-25 -27 1 -6
-28 -38 1 -4
0 -36 0 -1
0 0 0 0
0 0 0 0
0 0 0 0
0 0 0 0
0 0 0 0
0 0 0 0
0 0 0 0
0 0 0 0
0 0 0 0
0 0 0 0
0 0 0 0
0 0 0 0
0 0 0 0
0 0 0 0
0 0 0 0
0 0 0 0
-56 -53 -10 -7
-64 -55 -13 -6
-66 -60 -13 -22
-55 -60 -21 -22
-55 -59 -18 -15
-33 10 -23 -23
-33 -5 -20 -6
82 -32 6 -6
-40 5 14 22
27 14 9 27
27 -27 -11 -36
3 -6 -11 56
3 -3 -32 53
-23 -4 27 -66
-23 2 27 46
-5 -6 18 24
0 -6 32 5
0 -2 12 -16
0 -5 -1 -19
1 -6 -9 -19
-2 -6 -23 -22
1 -6 -25 -27
1 -4 -28 -38
0 -1 0 -36
0 0 0 0
0 0 0 0
0 0 0 0
0 0 0 0
0 0 0 0
0 0 0 0
0 0 0 0
0 0 0 0
0 0 0 0
0 0 0 0
0 0 0 0
0 0 0 0
0 0 0 0
0 0 0 0
0 0 0 0
0 0 0 0
-10 -6 -56 -88
-13 -6 -64 -88
-13 -12 -66 -69
-21 -12 -55 -22
-18 -10 -55 -33
-23 -8 -33 -33
-20 15 -33 123
6 18 82 -86
14 -24 -40 -30
9 -39 27 -31
-11 16 27 -12
-11 16 3 -12
-32 13 3 -8
27 13 -23 -16
27 5 -23 13
18 5 -5 13
32 -11 0 -5
12 -11 0 -2
-1 -4 0 2
-9 -18 1 -4
-23 -18 -2 -4
-25 -35 1 1
-28 -39 1 -2
0 0 0 0
0 0 0 0
0 0 0 0
0 0 0 0
0 0 0 0
0 0 0 0
0 0 0 0
0 0 0 0
0 0 0 0
0 0 0 0
0 0 0 0
0 0 0 0
0 0 0 0
0 0 0 0
0 0 0 0
0 0 0 0
0 0 0 0
-56 -88 -10 -6
-64 -88 -13 -6
-66 -69 -13 -12
-55 -22 -21 -12
-55 -33 -18 -10
-33 -33 -23 -8
-33 123 -20 15
82 -86 6 18
-40 -30 14 -24
27 -31 9 -39
27 -12 -11 16
3 -12 -11 16
3 -8 -32 13
-23 -16 27 13
-23 13 27 5
-5 13 18 5
0 -5 32 -11
0 -2 12 -11
0 2 -1 -4
1 -4 -9 -18
-2 -4 -23 -18
1 1 -25 -35
1 -2 -28 -39
0 0 0 0
0 0 0 0
0 0 0 0
0 0 0 0
0 0 0 0
0 0 0 0
0 0 0 0
0 0 0 0
0 0 0 0
0 0 0 0
0 0 0 0
0 0 0 0
0 0 0 0
0 0 0 0
0 0 0 0
0 0 0 0
0 0 0 0
-10 -10 -56 -63
-13 -13 -64 -63
-13 -12 -66 -56
-21 -23 -55 -57
-18 -23 -55 -61
-23 -15 -33 -53
-20 -18 -33 150
6 13 82 -58
14 13 -40 -27
9 37 27 44
-11 -62 27 -73
-11 16 3 -9
-32 -24 3 -9
27 3 -23 0
27 34 -23 -3
18 7 -5 -4
32 7 0 -2
12 -11 0 0
-1 -35 0 -2
-9 -41 1 -2
-23 0 -2 0
-25 0 1 0
-28 0 1 0
0 0 0 0
0 0 0 0
0 0 0 0
0 0 0 0
0 0 0 0
0 0 0 0
0 0 0 0
0 0 0 0
0 0 0 0
0 0 0 0
0 0 0 0
0 0 0 0
0 0 0 0
0 0 0 0
0 0 0 0
0 0 0 0
0 0 0 0
-56 -63 -10 -10
-64 -63 -13 -13
-66 -56 -13 -12
-55 -57 -21 -23
-55 -61 -18 -23
-33 -53 -23 -15
-33 150 -20 -18
82 -58 6 13
-40 -27 14 13
27 44 9 37
27 -73 -11 -62
3 -9 -11 16
3 -9 -32 -24
-23 0 27 3
-23 -3 27 34
-5 -4 18 7
0 -2 32 7
0 0 12 -11
0 -2 -1 -35
1 -2 -9 -41
-2 0 -23 0
1 0 -25 0
1 0 -28 0
0 0 0 0
0 0 0 0
0 0 0 0
0 0 0 0
0 0 0 0
0 0 0 0
0 0 0 0
0 0 0 0
0 0 0 0
0 0 0 0
0 0 0 0
0 0 0 0
0 0 0 0
0 0 0 0
0 0 0 0
0 0 0 0
0 0 0 0
-10 -4 -56 -53
-13 -6 -64 -52
-13 -8 -66 -80
-21 -11 -55 -50
-18 -11 -55 -39
-23 -10 -33 -31
-20 -1 -33 -39
6 9 82 150
14 19 -40 -105
9 -16 27 -105
-11 -57 27 46
-11 -61 3 35
-32 -12 3 -14
27 -59 -23 10
27 12 -23 -14
18 9 -5 -3
32 10 0 5
12 0 0 0
-1 0 0 0
-9 0 1 0
-23 0 -2 0
-25 0 1 0
-28 0 1 0
0 0 0 0
0 0 0 0
0 0 0 0
0 0 0 0
0 0 0 0
0 0 0 0
0 0 0 0
0 0 0 0
0 0 0 0
0 0 0 0
0 0 0 0
0 0 0 0
0 0 0 0
0 0 0 0
0 0 0 0
0 0 0 0
0 0 0 0
-56 -53 -10 -4
-64 -52 -13 -6
-66 -80 -13 -8
-55 -50 -21 -11
-55 -39 -18 -11
-33 -31 -23 -10
-33 -39 -20 -1
82 150 6 9
-40 -105 14 19
27 -105 9 -16
27 46 -11 -57
3 35 -11 -61
3 -14 -32 -12
-23 10 27 -59
-23 -14 27 12
-5 -3 18 9
0 5 32 10
0 0 12 0
0 0 -1 0
1 0 -9 0
-2 0 -23 0
1 0 -25 0
1 0 -28 0
0 0 0 0
0 0 0 0
0 0 0 0
0 0 0 0
0 0 0 0
0 0 0 0
0 0 0 0
0 0 0 0
0 0 0 0
0 0 0 0
0 0 0 0
0 0 0 0
0 0 0 0
0 0 0 0
0 0 0 0
0 0 0 0
0 0 0 0
-10 -9 -56 -2
-13 -14 -64 0
-13 -20 -66 4
-21 -27 -55 1
-18 -32 -55 0
-23 -38 -33 -3
-20 -61 -33 -14
6 -69 82 -8
14 -69 -40 -8
9 -64 27 -11
-11 -70 27 -15
-11 63 3 -15
-32 63 3 -12
27 -27 -23 -12
27 -4 -23 32
18 -4 -5 32
32 -31 0 -40
12 -13 0 -9
-1 1 0 13
-9 2 1 34
-23 4 -2 36
-25 2 1 27
-28 1 1 -8
0 -2 0 -25
0 -2 0 -25
0 0 0 0
0 0 0 0
0 0 0 0
0 0 0 0
0 0 0 0
0 0 0 0
0 0 0 0
0 0 0 0
0 0 0 0
0 0 0 0
0 0 0 0
0 0 0 0
0 0 0 0
0 0 0 0
0 0 0 0
-56 -2 -10 -9
-64 0 -13 -14
-66 4 -13 -20
-55 1 -21 -27
-55 0 -18 -32
-33 -3 -23 -38
-33 -14 -20 -61
82 -8 6 -69
-40 -8 14 -69
27 -11 9 -64
27 -15 -11 -70
3 -15 -11 63
3 -12 -32 63
-23 -12 27 -27
-23 32 27 -4
-5 32 18 -4
0 -40 32 -31
0 -9 12 -13
0 13 -1 1
1 34 -9 2
-2 36 -23 4
1 27 -25 2
1 -8 -28 1
0 -25 0 -2
0 -25 0 -2
0 0 0 0
0 0 0 0
0 0 0 0
0 0 0 0
0 0 0 0
0 0 0 0
0 0 0 0
0 0 0 0
0 0 0 0
0 0 0 0
0 0 0 0
0 0 0 0
0 0 0 0
0 0 0 0
0 0 0 0
-8 -8 -91 -91
-13 -13 -21 -21
-14 -14 -10 -10
-13 -13 -23 -23
-6 -6 18 18
12 12 37 37
15 15 -33 -33
11 11 -42 -42
-28 -28 5 5
-18 -18 -37 -37
3 3 -6 -6
-11 -11 -11 -11
9 9 -7 -7
9 9 -7 -7
5 5 7 7
0 0 -5 -5
-6 -6 6 6
-6 -6 6 6
-5 -5 0 0
-8 -8 0 0
-23 -23 4 4
-23 -23 4 4
0 0 0 0
0 0 0 0
0 0 0 0
0 0 0 0
0 0 0 0
0 0 0 0
0 0 0 0
0 0 0 0
0 0 0 0
0 0 0 0
0 0 0 0
0 0 0 0
0 0 0 0
0 0 0 0
0 0 0 0
0 0 0 0
0 0 0 0
0 0 0 0
-91 -91 -8 -8
-21 -21 -13 -13
-10 -10 -14 -14
-23 -23 -13 -13
18 18 -6 -6
37 37 12 12
-33 -33 15 15
-42 -42 11 11
5 5 -28 -28
-37 -37 -18 -18
-6 -6 3 3
-11 -11 -11 -11
-7 -7 9 9
-7 -7 9 9
7 7 5 5
-5 -5 0 0
6 6 -6 -6
6 6 -6 -6
0 0 -5 -5
0 0 -8 -8
4 4 -23 -23
4 4 -23 -23
0 0 0 0
0 0 0 0
0 0 0 0
0 0 0 0
0 0 0 0
0 0 0 0
0 0 0 0
0 0 0 0
0 0 0 0
0 0 0 0
0 0 0 0
0 0 0 0
0 0 0 0
0 0 0 0
0 0 0 0
0 0 0 0
0 0 0 0
0 0 0 0
-8 -7 -91 -53
-13 -6 -21 -55
-14 -22 -10 -60
-13 -22 -23 -60
-6 -15 18 -59
12 -23 37 10
15 -6 -33 -5
11 -6 -42 -32
-28 22 5 5
-18 27 -37 14
3 -36 -6 -27
-11 56 -11 -6
9 53 -7 -3
9 -66 -7 -4
5 46 7 2
0 24 -5 -6
-6 5 6 -6
-6 -16 6 -2
-5 -19 0 -5
-8 -19 0 -6
-23 -22 4 -6
-23 -27 4 -6
0 -38 0 -4
0 -36 0 -1
0 0 0 0
0 0 0 0
0 0 0 0
0 0 0 0
0 0 0 0
0 0 0 0
0 0 0 0
0 0 0 0
0 0 0 0
0 0 0 0
0 0 0 0
0 0 0 0
0 0 0 0
0 0 0 0
0 0 0 0
0 0 0 0
-91 -53 -8 -7
-21 -55 -13 -6
-10 -60 -14 -22
-23 -60 -13 -22
18 -59 -6 -15
37 10 12 -23
-33 -5 15 -6
-42 -32 11 -6
5 5 -28 22
-37 14 -18 27
-6 -27 3 -36
-11 -6 -11 56
-7 -3 9 53
-7 -4 9 -66
7 2 5 46
-5 -6 0 24
6 -6 -6 5
6 -2 -6 -16
0 -5 -5 -19
0 -6 -8 -19
4 -6 -23 -22
4 -6 -23 -27
0 -4 0 -38
0 -1 0 -36
0 0 0 0
0 0 0 0
0 0 0 0
0 0 0 0
0 0 0 0
0 0 0 0
0 0 0 0
0 0 0 0
0 0 0 0
0 0 0 0
0 0 0 0
0 0 0 0
0 0 0 0
0 0 0 0
0 0 0 0
0 0 0 0
-8 -6 -91 -88
-13 -6 -21 -88
-14 -12 -10 -69
-13 -12 -23 -22
-6 -10 18 -33
12 -8 37 -33
15 15 -33 123
11 18 -42 -86
-28 -24 5 -30
-18 -39 -37 -31
3 16 -6 -12
-11 16 -11 -12
9 13 -7 -8
9 13 -7 -16
5 5 7 13
0 5 -5 13
-6 -11 6 -5
-6 -11 6 -2
-5 -4 0 2
-8 -18 0 -4
-23 -18 4 -4
-23 -35 4 1
0 -39 0 -2
0 0 0 0
0 0 0 0
0 0 0 0
0 0 0 0
0 0 0 0
0 0 0 0
0 0 0 0
0 0 0 0
0 0 0 0
0 0 0 0
0 0 0 0
0 0 0 0
0 0 0 0
0 0 0 0
0 0 0 0
0 0 0 0
0 0 0 0
-91 -88 -8 -6
-21 -88 -13 -6
-10 -69 -14 -12
-23 -22 -13 -12
18 -33 -6 -10
37 -33 12 -8
-33 123 15 15
-42 -86 11 18
5 -30 -28 -24
-37 -31 -18 -39
-6 -12 3 16
-11 -12 -11 16
-7 -8 9 13
-7 -16 9 13
7 13 5 5
-5 13 0 5
6 -5 -6 -11
6 -2 -6 -11
0 2 -5 -4
0 -4 -8 -18
4 -4 -23 -18
4 1 -23 -35
0 -2 0 -39
0 0 0 0
0 0 0 0
0 0 0 0
0 0 0 0
0 0 0 0
0 0 0 0
0 0 0 0
0 0 0 0
0 0 0 0
0 0 0 0
0 0 0 0
0 0 0 0
0 0 0 0
0 0 0 0
0 0 0 0
0 0 0 0
0 0 0 0
-8 -10 -91 -63
-13 -13 -21 -63
-14 -12 -10 -56
-13 -23 -23 -57
-6 -23 18 -61
12 -15 37 -53
15 -18 -33 150
11 13 -42 -58
-28 13 5 -27
-18 37 -37 44
3 -62 -6 -73
-11 16 -11 -9
9 -24 -7 -9
9 3 -7 0
5 34 7 -3
0 7 -5 -4
-6 7 6 -2
-6 -11 6 0
-5 -35 0 -2
-8 -41 0 -2
-23 0 4 0
-23 0 4 0
0 0 0 0
0 0 0 0
0 0 0 0
0 0 0 0
0 0 0 0
0 0 0 0
0 0 0 0
0 0 0 0
0 0 0 0
0 0 0 0
0 0 0 0
0 0 0 0
0 0 0 0
0 0 0 0
0 0 0 0
0 0 0 0
0 0 0 0
0 0 0 0
-91 -63 -8 -10
-21 -63 -13 -13
-10 -56 -14 -12
-23 -57 -13 -23
18 -61 -6 -23
37 -53 12 -15
-33 150 15 -18
-42 -58 11 13
5 -27 -28 13
-37 44 -18 37
-6 -73 3 -62
-11 -9 -11 16
-7 -9 9 -24
-7 0 9 3
7 -3 5 34
-5 -4 0 7
6 -2 -6 7
6 0 -6 -11
0 -2 -5 -35
0 -2 -8 -41
4 0 -23 0
4 0 -23 0
0 0 0 0
0 0 0 0
0 0 0 0
0 0 0 0
0 0 0 0
0 0 0 0
0 0 0 0
0 0 0 0
0 0 0 0
0 0 0 0
0 0 0 0
0 0 0 0
0 0 0 0
0 0 0 0
0 0 0 0
0 0 0 0
0 0 0 0
0 0 0 0
-8 -4 -91 -53
-13 -6 -21 -52
-14 -8 -10 -80
-13 -11 -23 -50
-6 -11 18 -39
12 -10 37 -31
15 -1 -33 -39
11 9 -42 150
-28 19 5 -105
-18 -16 -37 -105
3 -57 -6 46
-11 -61 -11 35
9 -12 -7 -14
9 -59 -7 10
5 12 7 -14
0 9 -5 -3
-6 10 6 5
-6 0 6 0
-5 0 0 0
-8 0 0 0
-23 0 4 0
-23 0 4 0
0 0 0 0
0 0 0 0
0 0 0 0
0 0 0 0
0 0 0 0
0 0 0 0
0 0 0 0
0 0 0 0
0 0 0 0
0 0 0 0
0 0 0 0
0 0 0 0
0 0 0 0
0 0 0 0
0 0 0 0
0 0 0 0
0 0 0 0
0 0 0 0
-91 -53 -8 -4
-21 -52 -13 -6
-10 -80 -14 -8
-23 -50 -13 -11
18 -39 -6 -11
37 -31 12 -10
-33 -39 15 -1
-42 150 11 9
5 -105 -28 19
-37 -105 -18 -16
-6 46 3 -57
-11 35 -11 -61
-7 -14 9 -12
-7 10 9 -59
7 -14 5 12
-5 -3 0 9
6 5 -6 10
6 0 -6 0
0 0 -5 0
0 0 -8 0
4 0 -23 0
4 0 -23 0
0 0 0 0
0 0 0 0
0 0 0 0
0 0 0 0
0 0 0 0
0 0 0 0
0 0 0 0
0 0 0 0
0 0 0 0
0 0 0 0
0 0 0 0
0 0 0 0
0 0 0 0
0 0 0 0
0 0 0 0
0 0 0 0
0 0 0 0
0 0 0 0
-8 -9 -91 -2
-13 -14 -21 0
-14 -20 -10 4
-13 -27 -23 1
-6 -32 18 0
12 -38 37 -3
15 -61 -33 -14
11 -69 -42 -8
-28 -69 5 -8
-18 -64 -37 -11
3 -70 -6 -15
-11 63 -11 -15
9 63 -7 -12
9 -27 -7 -12
5 -4 7 32
0 -4 -5 32
-6 -31 6 -40
-6 -13 6 -9
-5 1 0 13
-8 2 0 34
-23 4 4 36
-23 2 4 27
0 1 0 -8
0 -2 0 -25
0 -2 0 -25
0 0 0 0
0 0 0 0
0 0 0 0
0 0 0 0
0 0 0 0
0 0 0 0
0 0 0 0
0 0 0 0
0 0 0 0
0 0 0 0
0 0 0 0
0 0 0 0
0 0 0 0
0 0 0 0
0 0 0 0
-91 -2 -8 -9
-21 0 -13 -14
-10 4 -14 -20
-23 1 -13 -27
18 0 -6 -32
37 -3 12 -38
-33 -14 15 -61
-42 -8 11 -69
5 -8 -28 -69
-37 -11 -18 -64
-6 -15 3 -70
-11 -15 -11 63
-7 -12 9 63
-7 -12 9 -27
7 32 5 -4
-5 32 0 -4
6 -40 -6 -31
6 -9 -6 -13
0 13 -5 1
0 34 -8 2
4 36 -23 4
4 27 -23 2
0 -8 0 1
0 -25 0 -2
0 -25 0 -2
0 0 0 0
0 0 0 0
0 0 0 0
0 0 0 0
0 0 0 0
0 0 0 0
0 0 0 0
0 0 0 0
0 0 0 0
0 0 0 0
0 0 0 0
0 0 0 0
0 0 0 0
0 0 0 0
0 0 0 0
-7 -7 -53 -53
-6 -6 -55 -55
-22 -22 -60 -60
-22 -22 -60 -60
-15 -15 -59 -59
-23 -23 10 10
-6 -6 -5 -5
-6 -6 -32 -32
22 22 5 5
27 27 14 14
-36 -36 -27 -27
56 56 -6 -6
53 53 -3 -3
-66 -66 -4 -4
46 46 2 2
24 24 -6 -6
5 5 -6 -6
-16 -16 -2 -2
-19 -19 -5 -5
-19 -19 -6 -6
-22 -22 -6 -6
-27 -27 -6 -6
-38 -38 -4 -4
-36 -36 -1 -1
0 0 0 0
0 0 0 0
0 0 0 0
0 0 0 0
0 0 0 0
0 0 0 0
0 0 0 0
0 0 0 0
0 0 0 0
0 0 0 0
0 0 0 0
0 0 0 0
0 0 0 0
0 0 0 0
0 0 0 0
0 0 0 0
-53 -53 -7 -7
-55 -55 -6 -6
-60 -60 -22 -22
-60 -60 -22 -22
-59 -59 -15 -15
10 10 -23 -23
-5 -5 -6 -6
-32 -32 -6 -6
5 5 22 22
14 14 27 27
-27 -27 -36 -36
-6 -6 56 56
-3 -3 53 53
-4 -4 -66 -66
2 2 46 46
-6 -6 24 24
-6 -6 5 5
-2 -2 -16 -16
-5 -5 -19 -19
-6 -6 -19 -19
-6 -6 -22 -22
-6 -6 -27 -27
-4 -4 -38 -38
-1 -1 -36 -36
0 0 0 0
0 0 0 0
0 0 0 0
0 0 0 0
0 0 0 0
0 0 0 0
0 0 0 0
0 0 0 0
0 0 0 0
0 0 0 0
0 0 0 0
0 0 0 0
0 0 0 0
0 0 0 0
0 0 0 0
0 0 0 0
-7 -6 -53 -88
-6 -6 -55 -88
-22 -12 -60 -69
-22 -12 -60 -22
-15 -10 -59 -33
-23 -8 10 -33
-6 15 -5 123
-6 18 -32 -86
22 -24 5 -30
27 -39 14 -31
-36 16 -27 -12
56 16 -6 -12
53 13 -3 -8
-66 13 -4 -16
46 5 2 13
24 5 -6 13
5 -11 -6 -5
-16 -11 -2 -2
-19 -4 -5 2
-19 -18 -6 -4
-22 -18 -6 -4
-27 -35 -6 1
-38 -39 -4 -2
-36 0 -1 0
0 0 0 0
0 0 0 0
0 0 0 0
0 0 0 0
0 0 0 0
0 0 0 0
0 0 0 0
0 0 0 0
0 0 0 0
0 0 0 0
0 0 0 0
0 0 0 0
0 0 0 0
0 0 0 0
0 0 0 0
0 0 0 0
-53 -88 -7 -6
-55 -88 -6 -6
-60 -69 -22 -12
-60 -22 -22 -12
-59 -33 -15 -10
10 -33 -23 -8
-5 123 -6 15
-32 -86 -6 18
5 -30 22 -24
14 -31 27 -39
-27 -12 -36 16
-6 -12 56 16
-3 -8 53 13
-4 -16 -66 13
2 13 46 5
-6 13 24 5
-6 -5 5 -11
-2 -2 -16 -11
-5 2 -19 -4
-6 -4 -19 -18
-6 -4 -22 -18
-6 1 -27 -35
-4 -2 -38 -39
-1 0 -36 0
0 0 0 0
0 0 0 0
0 0 0 0
0 0 0 0
0 0 0 0
0 0 0 0
0 0 0 0
0 0 0 0
0 0 0 0
0 0 0 0
0 0 0 0
0 0 0 0
0 0 0 0
0 0 0 0
0 0 0 0
0 0 0 0
-7 -10 -53 -63
-6 -13 -55 -63
-22 -12 -60 -56
-22 -23 -60 -57
-15 -23 -59 -61
-23 -15 10 -53
-6 -18 -5 150
-6 13 -32 -58
22 13 5 -27
27 37 14 44
-36 -62 -27 -73
56 16 -6 -9
53 -24 -3 -9
-66 3 -4 0
46 34 2 -3
24 7 -6 -4
5 7 -6 -2
-16 -11 -2 0
-19 -35 -5 -2
-19 -41 -6 -2
-22 0 -6 0
-27 0 -6 0
-38 0 -4 0
-36 0 -1 0
0 0 0 0
0 0 0 0
0 0 0 0
0 0 0 0
0 0 0 0
0 0 0 0
0 0 0 0
0 0 0 0
0 0 0 0
0 0 0 0
0 0 0 0
0 0 0 0
0 0 0 0
0 0 0 0
0 0 0 0
0 0 0 0
-53 -63 -7 -10
-55 -63 -6 -13
-60 -56 -22 -12
-60 -57 -22 -23
-59 -61 -15 -23
10 -53 -23 -15
-5 150 -6 -18
-32 -58 -6 13
5 -27 22 13
14 44 27 37
-27 -73 -36 -62
-6 -9 56 16
-3 -9 53 -24
-4 0 -66 3
2 -3 46 34
-6 -4 24 7
-6 -2 5 7
-2 0 -16 -11
-5 -2 -19 -35
-6 -2 -19 -41
-6 0 -22 0
-6 0 -27 0
-4 0 -38 0
-1 0 -36 0
0 0 0 0
0 0 0 0
0 0 0 0
0 0 0 0
0 0 0 0
0 0 0 0
0 0 0 0
0 0 0 0
0 0 0 0
0 0 0 0
0 0 0 0
0 0 0 0
0 0 0 0
0 0 0 0
0 0 0 0
0 0 0 0
-7 -4 -53 -53
-6 -6 -55 -52
-22 -8 -60 -80
-22 -11 -60 -50
-15 -11 -59 -39
-23 -10 10 -31
-6 -1 -5 -39
-6 9 -32 150
22 19 5 -105
27 -16 14 -105
-36 -57 -27 46
56 -61 -6 35
53 -12 -3 -14
-66 -59 -4 10
46 12 2 -14
24 9 -6 -3
5 10 -6 5
-16 0 -2 0
-19 0 -5 0
-19 0 -6 0
-22 0 -6 0
-27 0 -6 0
-38 0 -4 0
-36 0 -1 0
0 0 0 0
0 0 0 0
0 0 0 0
0 0 0 0
0 0 0 0
0 0 0 0
0 0 0 0
0 0 0 0
0 0 0 0
0 0 0 0
0 0 0 0
0 0 0 0
0 0 0 0
0 0 0 0
0 0 0 0
0 0 0 0
-53 -53 -7 -4
-55 -52 -6 -6
-60 -80 -22 -8
-60 -50 -22 -11
-59 -39 -15 -11
10 -31 -23 -10
-5 -39 -6 -1
-32 150 -6 9
5 -105 22 19
14 -105 27 -16
-27 46 -36 -57
-6 35 56 -61
-3 -14 53 -12
-4 10 -66 -59
2 -14 46 12
-6 -3 24 9
-6 5 5 10
-2 0 -16 0
-5 0 -19 0
-6 0 -19 0
-6 0 -22 0
-6 0 -27 0
-4 0 -38 0
-1 0 -36 0
0 0 0 0
0 0 0 0
0 0 0 0
0 0 0 0
0 0 0 0
0 0 0 0
0 0 0 0
0 0 0 0
0 0 0 0
0 0 0 0
0 0 0 0
0 0 0 0
0 0 0 0
0 0 0 0
0 0 0 0
0 0 0 0
-7 -9 -53 -2
-6 -14 -55 0
-22 -20 -60 4
-22 -27 -60 1
-15 -32 -59 0
-23 -38 10 -3
-6 -61 -5 -14
-6 -69 -32 -8
22 -69 5 -8
27 -64 14 -11
-36 -70 -27 -15
56 63 -6 -15
53 63 -3 -12
-66 -27 -4 -12
46 -4 2 32
24 -4 -6 32
5 -31 -6 -40
-16 -13 -2 -9
-19 1 -5 13
-19 2 -6 34
-22 4 -6 36
-27 2 -6 27
-38 1 -4 -8
-36 -2 -1 -25
0 -2 0 -25
0 0 0 0
0 0 0 0
0 0 0 0
0 0 0 0
0 0 0 0
0 0 0 0
0 0 0 0
0 0 0 0
0 0 0 0
0 0 0 0
0 0 0 0
0 0 0 0
0 0 0 0
0 0 0 0
0 0 0 0
-53 -2 -7 -9
-55 0 -6 -14
-60 4 -22 -20
-60 1 -22 -27
-59 0 -15 -32
10 -3 -23 -38
-5 -14 -6 -61
-32 -8 -6 -69
5 -8 22 -69
14 -11 27 -64
-27 -15 -36 -70
-6 -15 56 63
-3 -12 53 63
-4 -12 -66 -27
2 32 46 -4
-6 32 24 -4
-6 -40 5 -31
-2 -9 -16 -13
-5 13 -19 1
-6 34 -19 2
-6 36 -22 4
-6 27 -27 2
-4 -8 -38 1
-1 -25 -36 -2
0 -25 0 -2
0 0 0 0
0 0 0 0
0 0 0 0
0 0 0 0
0 0 0 0
0 0 0 0
0 0 0 0
0 0 0 0
0 0 0 0
0 0 0 0
0 0 0 0
0 0 0 0
0 0 0 0
0 0 0 0
0 0 0 0
-6 -6 -88 -88
-6 -6 -88 -88
-12 -12 -69 -69
-12 -12 -22 -22
-10 -10 -33 -33
-8 -8 -33 -33
15 15 123 123
18 18 -86 -86
-24 -24 -30 -30
-39 -39 -31 -31
16 16 -12 -12
16 16 -12 -12
13 13 -8 -8
13 13 -16 -16
5 5 13 13
5 5 13 13
-11 -11 -5 -5
-11 -11 -2 -2
-4 -4 2 2
-18 -18 -4 -4
-18 -18 -4 -4
-35 -35 1 1
-39 -39 -2 -2
0 0 0 0
0 0 0 0
0 0 0 0
0 0 0 0
0 0 0 0
0 0 0 0
0 0 0 0
0 0 0 0
0 0 0 0
0 0 0 0
0 0 0 0
0 0 0 0
0 0 0 0
0 0 0 0
0 0 0 0
0 0 0 0
0 0 0 0
-88 -88 -6 -6
-88 -88 -6 -6
-69 -69 -12 -12
-22 -22 -12 -12
-33 -33 -10 -10
-33 -33 -8 -8
123 123 15 15
-86 -86 18 18
-30 -30 -24 -24
-31 -31 -39 -39
-12 -12 16 16
-12 -12 16 16
-8 -8 13 13
-16 -16 13 13
13 13 5 5
13 13 5 5
-5 -5 -11 -11
-2 -2 -11 -11
2 2 -4 -4
-4 -4 -18 -18
-4 -4 -18 -18
1 1 -35 -35
-2 -2 -39 -39
0 0 0 0
0 0 0 0
0 0 0 0
0 0 0 0
0 0 0 0
0 0 0 0
0 0 0 0
0 0 0 0
0 0 0 0
0 0 0 0
0 0 0 0
0 0 0 0
0 0 0 0
0 0 0 0
0 0 0 0
0 0 0 0
0 0 0 0
-6 -10 -88 -63
-6 -13 -88 -63
-12 -12 -69 -56
-12 -23 -22 -57
-10 -23 -33 -61
-8 -15 -33 -53
15 -18 123 150
18 13 -86 -58
-24 13 -30 -27
-39 37 -31 44
16 -62 -12 -73
16 16 -12 -9
13 -24 -8 -9
13 3 -16 0
5 34 13 -3
5 7 13 -4
-11 7 -5 -2
-11 -11 -2 0
-4 -35 2 -2
-18 -41 -4 -2
-18 0 -4 0
-35 0 1 0
-39 0 -2 0
0 0 0 0
0 0 0 0
0 0 0 0
0 0 0 0
0 0 0 0
0 0 0 0
0 0 0 0
0 0 0 0
0 0 0 0
0 0 0 0
0 0 0 0
0 0 0 0
0 0 0 0
0 0 0 0
0 0 0 0
0 0 0 0
0 0 0 0
-88 -63 -6 -10
-88 -63 -6 -13
-69 -56 -12 -12
-22 -57 -12 -23
-33 -61 -10 -23
-33 -53 -8 -15
123 150 15 -18
-86 -58 18 13
-30 -27 -24 13
-31 44 -39 37
-12 -73 16 -62
-12 -9 16 16
-8 -9 13 -24
-16 0 13 3
13 -3 5 34
13 -4 5 7
-5 -2 -11 7
-2 0 -11 -11
2 -2 -4 -35
-4 -2 -18 -41
-4 0 -18 0
1 0 -35 0
-2 0 -39 0
0 0 0 0
0 0 0 0
0 0 0 0
0 0 0 0
0 0 0 0
0 0 0 0
0 0 0 0
0 0 0 0
0 0 0 0
0 0 0 0
0 0 0 0
0 0 0 0
0 0 0 0
0 0 0 0
0 0 0 0
0 0 0 0
0 0 0 0
-6 -4 -88 -53
-6 -6 -88 -52
-12 -8 -69 -80
-12 -11 -22 -50
-10 -11 -33 -39
-8 -10 -33 -31
15 -1 123 -39
18 9 -86 150
-24 19 -30 -105
-39 -16 -31 -105
16 -57 -12 46
16 -61 -12 35
13 -12 -8 -14
13 -59 -16 10
5 12 13 -14
5 9 13 -3
-11 10 -5 5
-11 0 -2 0
-4 0 2 0
-18 0 -4 0
-18 0 -4 0
-35 0 1 0
-39 0 -2 0
0 0 0 0
0 0 0 0
0 0 0 0
0 0 0 0
0 0 0 0
0 0 0 0
0 0 0 0
0 0 0 0
0 0 0 0
0 0 0 0
0 0 0 0
0 0 0 0
0 0 0 0
0 0 0 0
0 0 0 0
0 0 0 0
0 0 0 0
-88 -53 -6 -4
-88 -52 -6 -6
-69 -80 -12 -8
-22 -50 -12 -11
-33 -39 -10 -11
-33 -31 -8 -10
123 -39 15 -1
-86 150 18 9
-30 -105 -24 19
-31 -105 -39 -16
-12 46 16 -57
-12 35 16 -61
-8 -14 13 -12
-16 10 13 -59
13 -14 5 12
13 -3 5 9
-5 5 -11 10
-2 0 -11 0
2 0 -4 0
-4 0 -18 0
-4 0 -18 0
1 0 -35 0
-2 0 -39 0
0 0 0 0
0 0 0 0
0 0 0 0
0 0 0 0
0 0 0 0
0 0 0 0
0 0 0 0
0 0 0 0
0 0 0 0
0 0 0 0
0 0 0 0
0 0 0 0
0 0 0 0
0 0 0 0
0 0 0 0
0 0 0 0
0 0 0 0
-6 -9 -88 -2
-6 -14 -88 0
-12 -20 -69 4
-12 -27 -22 1
-10 -32 -33 0
-8 -38 -33 -3
15 -61 123 -14
18 -69 -86 -8
-24 -69 -30 -8
-39 -64 -31 -11
16 -70 -12 -15
16 63 -12 -15
13 63 -8 -12
13 -27 -16 -12
5 -4 13 32
5 -4 13 32
-11 -31 -5 -40
-11 -13 -2 -9
-4 1 2 13
-18 2 -4 34
-18 4 -4 36
-35 2 1 27
-39 1 -2 -8
0 -2 0 -25
0 -2 0 -25
0 0 0 0
0 0 0 0
0 0 0 0
0 0 0 0
0 0 0 0
0 0 0 0
0 0 0 0
0 0 0 0
0 0 0 0
0 0 0 0
0 0 0 0
0 0 0 0
0 0 0 0
0 0 0 0
0 0 0 0
-88 -2 -6 -9
-88 0 -6 -14
-69 4 -12 -20
-22 1 -12 -27
-33 0 -10 -32
-33 -3 -8 -38
123 -14 15 -61
-86 -8 18 -69
-30 -8 -24 -69
-31 -11 -39 -64
-12 -15 16 -70
-12 -15 16 63
-8 -12 13 63
-16 -12 13 -27
13 32 5 -4
13 32 5 -4
-5 -40 -11 -31
-2 -9 -11 -13
2 13 -4 1
-4 34 -18 2
-4 36 -18 4
1 27 -35 2
-2 -8 -39 1
0 -25 0 -2
0 -25 0 -2
0 0 0 0
0 0 0 0
0 0 0 0
0 0 0 0
0 0 0 0
0 0 0 0
0 0 0 0
0 0 0 0
0 0 0 0
0 0 0 0
0 0 0 0
0 0 0 0
0 0 0 0
0 0 0 0
0 0 0 0
-10 -10 -63 -63
-13 -13 -63 -63
-12 -12 -56 -56
-23 -23 -57 -57
-23 -23 -61 -61
-15 -15 -53 -53
-18 -18 150 150
13 13 -58 -58
13 13 -27 -27
37 37 44 44
-62 -62 -73 -73
16 16 -9 -9
-24 -24 -9 -9
3 3 0 0
34 34 -3 -3
7 7 -4 -4
7 7 -2 -2
-11 -11 0 0
-35 -35 -2 -2
-41 -41 -2 -2
0 0 0 0
0 0 0 0
0 0 0 0
0 0 0 0
0 0 0 0
0 0 0 0
0 0 0 0
0 0 0 0
0 0 0 0
0 0 0 0
0 0 0 0
0 0 0 0
0 0 0 0
0 0 0 0
0 0 0 0
0 0 0 0
0 0 0 0
0 0 0 0
0 0 0 0
0 0 0 0
-63 -63 -10 -10
-63 -63 -13 -13
-56 -56 -12 -12
-57 -57 -23 -23
-61 -61 -23 -23
-53 -53 -15 -15
150 150 -18 -18
-58 -58 13 13
-27 -27 13 13
44 44 37 37
-73 -73 -62 -62
-9 -9 16 16
-9 -9 -24 -24
0 0 3 3
-3 -3 34 34
-4 -4 7 7
-2 -2 7 7
0 0 -11 -11
-2 -2 -35 -35
-2 -2 -41 -41
0 0 0 0
0 0 0 0
0 0 0 0
0 0 0 0
0 0 0 0
0 0 0 0
0 0 0 0
0 0 0 0
0 0 0 0
0 0 0 0
0 0 0 0
0 0 0 0
0 0 0 0
0 0 0 0
0 0 0 0
0 0 0 0
0 0 0 0
0 0 0 0
0 0 0 0
0 0 0 0
-10 -4 -63 -53
-13 -6 -63 -52
-12 -8 -56 -80
-23 -11 -57 -50
-23 -11 -61 -39
-15 -10 -53 -31
-18 -1 150 -39
13 9 -58 150
13 19 -27 -105
37 -16 44 -105
-62 -57 -73 46
16 -61 -9 35
-24 -12 -9 -14
3 -59 0 10
34 12 -3 -14
7 9 -4 -3
7 10 -2 5
-11 0 0 0
-35 0 -2 0
-41 0 -2 0
0 0 0 0
0 0 0 0
0 0 0 0
0 0 0 0
0 0 0 0
0 0 0 0
0 0 0 0
0 0 0 0
0 0 0 0
0 0 0 0
0 0 0 0
0 0 0 0
0 0 0 0
0 0 0 0
0 0 0 0
0 0 0 0
0 0 0 0
0 0 0 0
0 0 0 0
0 0 0 0
-63 -53 -10 -4
-63 -52 -13 -6
-56 -80 -12 -8
-57 -50 -23 -11
-61 -39 -23 -11
-53 -31 -15 -10
150 -39 -18 -1
-58 150 13 9
-27 -105 13 19
44 -105 37 -16
-73 46 -62 -57
-9 35 16 -61
-9 -14 -24 -12
0 10 3 -59
-3 -14 34 12
-4 -3 7 9
-2 5 7 10
0 0 -11 0
-2 0 -35 0
-2 0 -41 0
0 0 0 0
0 0 0 0
0 0 0 0
0 0 0 0
0 0 0 0
0 0 0 0
0 0 0 0
0 0 0 0
0 0 0 0
0 0 0 0
0 0 0 0
0 0 0 0
0 0 0 0
0 0 0 0
0 0 0 0
0 0 0 0
0 0 0 0
0 0 0 0
0 0 0 0
0 0 0 0
-10 -9 -63 -2
-13 -14 -63 0
-12 -20 -56 4
-23 -27 -57 1
-23 -32 -61 0
-15 -38 -53 -3
-18 -61 150 -14
13 -69 -58 -8
13 -69 -27 -8
37 -64 44 -11
-62 -70 -73 -15
16 63 -9 -15
-24 63 -9 -12
3 -27 0 -12
34 -4 -3 32
7 -4 -4 32
7 -31 -2 -40
-11 -13 0 -9
-35 1 -2 13
-41 2 -2 34
0 4 0 36
0 2 0 27
0 1 0 -8
0 -2 0 -25
0 -2 0 -25
0 0 0 0
0 0 0 0
0 0 0 0
0 0 0 0
0 0 0 0
0 0 0 0
0 0 0 0
0 0 0 0
0 0 0 0
0 0 0 0
0 0 0 0
0 0 0 0
0 0 0 0
0 0 0 0
0 0 0 0
-63 -2 -10 -9
-63 0 -13 -14
-56 4 -12 -20
-57 1 -23 -27
-61 0 -23 -32
-53 -3 -15 -38
150 -14 -18 -61
-58 -8 13 -69
-27 -8 13 -69
44 -11 37 -64
-73 -15 -62 -70
-9 -15 16 63
-9 -12 -24 63
0 -12 3 -27
-3 32 34 -4
-4 32 7 -4
-2 -40 7 -31
0 -9 -11 -13
-2 13 -35 1
-2 34 -41 2
0 36 0 4
0 27 0 2
0 -8 0 1
0 -25 0 -2
0 -25 0 -2
0 0 0 0
0 0 0 0
0 0 0 0
0 0 0 0
0 0 0 0
0 0 0 0
0 0 0 0
0 0 0 0
0 0 0 0
0 0 0 0
0 0 0 0
0 0 0 0
0 0 0 0
0 0 0 0
0 0 0 0
-4 -4 -53 -53
-6 -6 -52 -52
-8 -8 -80 -80
-11 -11 -50 -50
-11 -11 -39 -39
-10 -10 -31 -31
-1 -1 -39 -39
9 9 150 150
19 19 -105 -105
-16 -16 -105 -105
-57 -57 46 46
-61 -61 35 35
-12 -12 -14 -14
-59 -59 10 10
12 12 -14 -14
9 9 -3 -3
10 10 5 5
0 0 0 0
0 0 0 0
0 0 0 0
0 0 0 0
0 0 0 0
0 0 0 0
0 0 0 0
0 0 0 0
0 0 0 0
0 0 0 0
0 0 0 0
0 0 0 0
0 0 0 0
0 0 0 0
0 0 0 0
0 0 0 0
0 0 0 0
0 0 0 0
0 0 0 0
0 0 0 0
0 0 0 0
0 0 0 0
0 0 0 0
-53 -53 -4 -4
-52 -52 -6 -6
-80 -80 -8 -8
-50 -50 -11 -11
-39 -39 -11 -11
-31 -31 -10 -10
-39 -39 -1 -1
150 150 9 9
-105 -105 19 19
-105 -105 -16 -16
46 46 -57 -57
35 35 -61 -61
-14 -14 -12 -12
10 10 -59 -59
-14 -14 12 12
-3 -3 9 9
5 5 10 10
0 0 0 0
0 0 0 0
0 0 0 0
0 0 0 0
0 0 0 0
0 0 0 0
0 0 0 0
0 0 0 0
0 0 0 0
0 0 0 0
0 0 0 0
0 0 0 0
0 0 0 0
0 0 0 0
0 0 0 0
0 0 0 0
0 0 0 0
0 0 0 0
0 0 0 0
0 0 0 0
0 0 0 0
0 0 0 0
0 0 0 0
-4 -9 -53 -2
-6 -14 -52 0
-8 -20 -80 4
-11 -27 -50 1
-11 -32 -39 0
-10 -38 -31 -3
-1 -61 -39 -14
9 -69 150 -8
19 -69 -105 -8
-16 -64 -105 -11
-57 -70 46 -15
-61 63 35 -15
-12 63 -14 -12
-59 -27 10 -12
12 -4 -14 32
9 -4 -3 32
10 -31 5 -40
0 -13 0 -9
0 1 0 13
0 2 0 34
0 4 0 36
0 2 0 27
0 1 0 -8
0 -2 0 -25
0 -2 0 -25
0 0 0 0
0 0 0 0
0 0 0 0
0 0 0 0
0 0 0 0
0 0 0 0
0 0 0 0
0 0 0 0
0 0 0 0
0 0 0 0
0 0 0 0
0 0 0 0
0 0 0 0
0 0 0 0
0 0 0 0
-53 -2 -4 -9
-52 0 -6 -14
-80 4 -8 -20
-50 1 -11 -27
-39 0 -11 -32
-31 -3 -10 -38
-39 -14 -1 -61
150 -8 9 -69
-105 -8 19 -69
-105 -11 -16 -64
46 -15 -57 -70
35 -15 -61 63
-14 -12 -12 63
10 -12 -59 -27
-14 32 12 -4
-3 32 9 -4
5 -40 10 -31
0 -9 0 -13
0 13 0 1
0 34 0 2
0 36 0 4
0 27 0 2
0 -8 0 1
0 -25 0 -2
0 -25 0 -2
0 0 0 0
0 0 0 0
0 0 0 0
0 0 0 0
0 0 0 0
0 0 0 0
0 0 0 0
0 0 0 0
0 0 0 0
0 0 0 0
0 0 0 0
0 0 0 0
0 0 0 0
0 0 0 0
0 0 0 0
-9 -9 -2 -2
-14 -14 0 0
-20 -20 4 4
-27 -27 1 1
-32 -32 0 0
-38 -38 -3 -3
-61 -61 -14 -14
-69 -69 -8 -8
-69 -69 -8 -8
-64 -64 -11 -11
-70 -70 -15 -15
63 63 -15 -15
63 63 -12 -12
-27 -27 -12 -12
-4 -4 32 32
-4 -4 32 32
-31 -31 -40 -40
-13 -13 -9 -9
1 1 13 13
2 2 34 34
4 4 36 36
2 2 27 27
1 1 -8 -8
-2 -2 -25 -25
-2 -2 -25 -25
0 0 0 0
0 0 0 0
0 0 0 0
0 0 0 0
0 0 0 0
0 0 0 0
0 0 0 0
0 0 0 0
0 0 0 0
0 0 0 0
0 0 0 0
0 0 0 0
0 0 0 0
0 0 0 0
0 0 0 0
-2 -2 -9 -9
0 0 -14 -14
4 4 -20 -20
1 1 -27 -27
0 0 -32 -32
-3 -3 -38 -38
-14 -14 -61 -61
-8 -8 -69 -69
-8 -8 -69 -69
-11 -11 -64 -64
-15 -15 -70 -70
-15 -15 63 63
-12 -12 63 63
-12 -12 -27 -27
32 32 -4 -4
32 32 -4 -4
-40 -40 -31 -31
-9 -9 -13 -13
13 13 1 1
34 34 2 2
36 36 4 4
27 27 2 2
-8 -8 1 1
-25 -25 -2 -2
-25 -25 -2 -2
0 0 0 0
0 0 0 0
0 0 0 0
0 0 0 0
0 0 0 0
0 0 0 0
0 0 0 0
0 0 0 0
0 0 0 0
0 0 0 0
0 0 0 0
0 0 0 0
0 0 0 0
0 0 0 0
0 0 0 0
31 31 -7 -7
31 31 -6 -6
28 28 -5 -5
19 19 -5 -5
19 19 -7 -7
7 7 -7 -7
7 7 -7 -7
3 3 -7 -7
-1 -1 -9 -9
-1 -1 -9 -9
-5 -5 -10 -10
-4 -4 -14 -14
-3 -3 -13 -13
-3 -3 -13 -13
-20 -20 -10 -10
-21 -21 -8 -8
-25 -25 -9 -9
-36 -36 -14 -14
63 63 -12 -12
-1 -1 -8 -8
-14 -14 4 4
4 4 4 4
-21 -21 -11 -11
-29 -29 -11 -11
1 1 -40 -40
-4 -4 19 19
-2 -2 -17 -17
-2 -2 11 11
0 0 0 0
0 0 0 0
0 0 0 0
0 0 0 0
0 0 0 0
0 0 0 0
0 0 0 0
0 0 0 0
0 0 0 0
0 0 0 0
0 0 0 0
0 0 0 0
-7 -7 31 31
-6 -6 31 31
-5 -5 28 28
-5 -5 19 19
-7 -7 19 19
-7 -7 7 7
-7 -7 7 7
-7 -7 3 3
-9 -9 -1 -1
-9 -9 -1 -1
-10 -10 -5 -5
-14 -14 -4 -4
-13 -13 -3 -3
-13 -13 -3 -3
-10 -10 -20 -20
-8 -8 -21 -21
-9 -9 -25 -25
-14 -14 -36 -36
-12 -12 63 63
-8 -8 -1 -1
4 4 -14 -14
4 4 4 4
-11 -11 -21 -21
-11 -11 -29 -29
-40 -40 1 1
19 19 -4 -4
-17 -17 -2 -2
11 11 -2 -2
0 0 0 0
0 0 0 0
0 0 0 0
0 0 0 0
0 0 0 0
0 0 0 0
0 0 0 0
0 0 0 0
0 0 0 0
0 0 0 0
0 0 0 0
0 0 0 0
31 -9 -7 -45
31 -5 -6 -74
28 -16 -5 -66
19 -16 -5 -66
19 -23 -7 -60
7 -14 -7 58
7 -14 -7 18
3 -14 -7 18
-1 27 -9 -3
-1 7 -9 -4
-5 -40 -10 -8
-4 -3 -14 -28
-3 24 -13 -4
-3 -41 -13 -5
-20 27 -10 -8
-21 27 -8 -8
-25 -1 -9 -7
-36 -3 -14 -3
63 -15 -12 -6
-1 0 -8 0
-14 0 4 0
4 0 4 0
-21 0 -11 0
-29 0 -11 0
1 0 -40 0
-4 0 19 0
-2 0 -17 0
-2 0 11 0
0 0 0 0
0 0 0 0
0 0 0 0
0 0 0 0
0 0 0 0
0 0 0 0
0 0 0 0
0 0 0 0
0 0 0 0
0 0 0 0
0 0 0 0
0 0 0 0
-7 -45 31 -9
-6 -74 31 -5
-5 -66 28 -16
-5 -66 19 -16
-7 -60 19 -23
-7 58 7 -14
-7 18 7 -14
-7 18 3 -14
-9 -3 -1 27
-9 -4 -1 7
-10 -8 -5 -40
-14 -28 -4 -3
-13 -4 -3 24
-13 -5 -3 -41
-10 -8 -20 27
-8 -8 -21 27
-9 -7 -25 -1
-14 -3 -36 -3
-12 -6 63 -15
-8 0 -1 0
4 0 -14 0
4 0 4 0
-11 0 -21 0
-11 0 -29 0
-40 0 1 0
19 0 -4 0
-17 0 -2 0
11 0 -2 0
0 0 0 0
0 0 0 0
0 0 0 0
0 0 0 0
0 0 0 0
0 0 0 0
0 0 0 0
0 0 0 0
0 0 0 0
0 0 0 0
0 0 0 0
0 0 0 0
31 -10 -7 -40
31 -10 -6 -53
28 -16 -5 -61
19 -12 -5 -21
19 -11 -7 -21
7 -6 -7 -34
7 11 -7 41
3 -8 -7 -29
-1 -18 -9 -29
-1 -32 -9 -13
-5 17 -10 -11
-4 17 -14 0
-3 -41 -13 2
-3 6 -13 -2
-20 2 -10 2
-21 1 -8 -3
-25 1 -9 -3
-36 3 -14 2
63 0 -12 -1
-1 -8 -8 -3
-14 0 4 0
4 0 4 0
-21 0 -11 0
-29 0 -11 0
1 0 -40 0
-4 0 19 0
-2 0 -17 0
-2 0 11 0
0 0 0 0
0 0 0 0
0 0 0 0
0 0 0 0
0 0 0 0
0 0 0 0
0 0 0 0
0 0 0 0
0 0 0 0
0 0 0 0
0 0 0 0
0 0 0 0
-7 -40 31 -10
-6 -53 31 -10
-5 -61 28 -16
-5 -21 19 -12
-7 -21 19 -11
-7 -34 7 -6
-7 41 7 11
-7 -29 3 -8
-9 -29 -1 -18
-9 -13 -1 -32
-10 -11 -5 17
-14 0 -4 17
-13 2 -3 -41
-13 -2 -3 6
-10 2 -20 2
-8 -3 -21 1
-9 -3 -25 1
-14 2 -36 3
-12 -1 63 0
-8 -3 -1 -8
4 0 -14 0
4 0 4 0
-11 0 -21 0
-11 0 -29 0
-40 0 1 0
19 0 -4 0
-17 0 -2 0
11 0 -2 0
0 0 0 0
0 0 0 0
0 0 0 0
0 0 0 0
0 0 0 0
0 0 0 0
0 0 0 0
0 0 0 0
0 0 0 0
0 0 0 0
0 0 0 0
0 0 0 0
31 -10 -7 -56
31 -13 -6 -64
28 -13 -5 -66
19 -21 -5 -55
19 -18 -7 -55
7 -23 -7 -33
7 -20 -7 -33
3 6 -7 82
-1 14 -9 -40
-1 9 -9 27
-5 -11 -10 27
-4 -11 -14 3
-3 -32 -13 3
-3 27 -13 -23
-20 27 -10 -23
-21 18 -8 -5
-25 32 -9 0
-36 12 -14 0
63 -1 -12 0
-1 -9 -8 1
-14 -23 4 -2
4 -25 4 1
-21 -28 -11 1
-29 0 -11 0
1 0 -40 0
-4 0 19 0
-2 0 -17 0
-2 0 11 0
0 0 0 0
0 0 0 0
0 0 0 0
0 0 0 0
0 0 0 0
0 0 0 0
0 0 0 0
0 0 0 0
0 0 0 0
0 0 0 0
0 0 0 0
0 0 0 0
-7 -56 31 -10
-6 -64 31 -13
-5 -66 28 -13
-5 -55 19 -21
-7 -55 19 -18
-7 -33 7 -23
-7 -33 7 -20
-7 82 3 6
-9 -40 -1 14
-9 27 -1 9
-10 27 -5 -11
-14 3 -4 -11
-13 3 -3 -32
-13 -23 -3 27
-10 -23 -20 27
-8 -5 -21 18
-9 0 -25 32
-14 0 -36 12
-12 0 63 -1
-8 1 -1 -9
4 -2 -14 -23
4 1 4 -25
-11 1 -21 -28
-11 0 -29 0
-40 0 1 0
19 0 -4 0
-17 0 -2 0
11 0 -2 0
0 0 0 0
0 0 0 0
0 0 0 0
0 0 0 0
0 0 0 0
0 0 0 0
0 0 0 0
0 0 0 0
0 0 0 0
0 0 0 0
0 0 0 0
0 0 0 0
31 -8 -7 -91
31 -13 -6 -21
28 -14 -5 -10
19 -13 -5 -23
19 -6 -7 18
7 12 -7 37
7 15 -7 -33
3 11 -7 -42
-1 -28 -9 5
-1 -18 -9 -37
-5 3 -10 -6
-4 -11 -14 -11
-3 9 -13 -7
-3 9 -13 -7
-20 5 -10 7
-21 0 -8 -5
-25 -6 -9 6
-36 -6 -14 6
63 -5 -12 0
-1 -8 -8 0
-14 -23 4 4
4 -23 4 4
-21 0 -11 0
-29 0 -11 0
1 0 -40 0
-4 0 19 0
-2 0 -17 0
-2 0 11 0
0 0 0 0
0 0 0 0
0 0 0 0
0 0 0 0
0 0 0 0
0 0 0 0
0 0 0 0
0 0 0 0
0 0 0 0
0 0 0 0
0 0 0 0
0 0 0 0
-7 -91 31 -8
-6 -21 31 -13
-5 -10 28 -14
-5 -23 19 -13
-7 18 19 -6
-7 37 7 12
-7 -33 7 15
-7 -42 3 11
-9 5 -1 -28
-9 -37 -1 -18
-10 -6 -5 3
-14 -11 -4 -11
-13 -7 -3 9
-13 -7 -3 9
-10 7 -20 5
-8 -5 -21 0
-9 6 -25 -6
-14 6 -36 -6
-12 0 63 -5
-8 0 -1 -8
4 4 -14 -23
4 4 4 -23
-11 0 -21 0
-11 0 -29 0
-40 0 1 0
19 0 -4 0
-17 0 -2 0
11 0 -2 0
0 0 0 0
0 0 0 0
0 0 0 0
0 0 0 0
0 0 0 0
0 0 0 0
0 0 0 0
0 0 0 0
0 0 0 0
0 0 0 0
0 0 0 0
0 0 0 0
31 -7 -7 -53
31 -6 -6 -55
28 -22 -5 -60
19 -22 -5 -60
19 -15 -7 -59
7 -23 -7 10
7 -6 -7 -5
3 -6 -7 -32
-1 22 -9 5
-1 27 -9 14
-5 -36 -10 -27
-4 56 -14 -6
-3 53 -13 -3
-3 -66 -13 -4
-20 46 -10 2
-21 24 -8 -6
-25 5 -9 -6
-36 -16 -14 -2
63 -19 -12 -5
-1 -19 -8 -6
-14 -22 4 -6
4 -27 4 -6
-21 -38 -11 -4
-29 -36 -11 -1
1 0 -40 0
-4 0 19 0
-2 0 -17 0
-2 0 11 0
0 0 0 0
0 0 0 0
0 0 0 0
0 0 0 0
0 0 0 0
0 0 0 0
0 0 0 0
0 0 0 0
0 0 0 0
0 0 0 0
0 0 0 0
0 0 0 0
-7 -53 31 -7
-6 -55 31 -6
-5 -60 28 -22
-5 -60 19 -22
-7 -59 19 -15
-7 10 7 -23
-7 -5 7 -6
-7 -32 3 -6
-9 5 -1 22
-9 14 -1 27
-10 -27 -5 -36
-14 -6 -4 56
-13 -3 -3 53
-13 -4 -3 -66
-10 2 -20 46
-8 -6 -21 24
-9 -6 -25 5
-14 -2 -36 -16
-12 -5 63 -19
-8 -6 -1 -19
4 -6 -14 -22
4 -6 4 -27
-11 -4 -21 -38
-11 -1 -29 -36
-40 0 1 0
19 0 -4 0
-17 0 -2 0
11 0 -2 0
0 0 0 0
0 0 0 0
0 0 0 0
0 0 0 0
0 0 0 0
0 0 0 0
0 0 0 0
0 0 0 0
0 0 0 0
0 0 0 0
0 0 0 0
0 0 0 0
31 -6 -7 -88
31 -6 -6 -88
28 -12 -5 -69
19 -12 -5 -22
19 -10 -7 -33
7 -8 -7 -33
7 15 -7 123
3 18 -7 -86
-1 -24 -9 -30
-1 -39 -9 -31
-5 16 -10 -12
-4 16 -14 -12
-3 13 -13 -8
-3 13 -13 -16
-20 5 -10 13
-21 5 -8 13
-25 -11 -9 -5
-36 -11 -14 -2
63 -4 -12 2
-1 -18 -8 -4
-14 -18 4 -4
4 -35 4 1
-21 -39 -11 -2
-29 0 -11 0
1 0 -40 0
-4 0 19 0
-2 0 -17 0
-2 0 11 0
0 0 0 0
0 0 0 0
0 0 0 0
0 0 0 0
0 0 0 0
0 0 0 0
0 0 0 0
0 0 0 0
0 0 0 0
0 0 0 0
0 0 0 0
0 0 0 0
-7 -88 31 -6
-6 -88 31 -6
-5 -69 28 -12
-5 -22 19 -12
-7 -33 19 -10
-7 -33 7 -8
-7 123 7 15
-7 -86 3 18
-9 -30 -1 -24
-9 -31 -1 -39
-10 -12 -5 16
-14 -12 -4 16
-13 -8 -3 13
-13 -16 -3 13
-10 13 -20 5
-8 13 -21 5
-9 -5 -25 -11
-14 -2 -36 -11
-12 2 63 -4
-8 -4 -1 -18
4 -4 -14 -18
4 1 4 -35
-11 -2 -21 -39
-11 0 -29 0
-40 0 1 0
19 0 -4 0
-17 0 -2 0
11 0 -2 0
0 0 0 0
0 0 0 0
0 0 0 0
0 0 0 0
0 0 0 0
0 0 0 0
0 0 0 0
0 0 0 0
0 0 0 0
0 0 0 0
0 0 0 0
0 0 0 0
31 -10 -7 -63
31 -13 -6 -63
28 -12 -5 -56
19 -23 -5 -57
19 -23 -7 -61
7 -15 -7 -53
7 -18 -7 150
3 13 -7 -58
-1 13 -9 -27
-1 37 -9 44
-5 -62 -10 -73
-4 16 -14 -9
-3 -24 -13 -9
-3 3 -13 0
-20 34 -10 -3
-21 7 -8 -4
-25 7 -9 -2
-36 -11 -14 0
63 -35 -12 -2
-1 -41 -8 -2
-14 0 4 0
4 0 4 0
-21 0 -11 0
-29 0 -11 0
1 0 -40 0
-4 0 19 0
-2 0 -17 0
-2 0 11 0
0 0 0 0
0 0 0 0
0 0 0 0
0 0 0 0
0 0 0 0
0 0 0 0
0 0 0 0
0 0 0 0
0 0 0 0
0 0 0 0
0 0 0 0
0 0 0 0
-7 -63 31 -10
-6 -63 31 -13
-5 -56 28 -12
-5 -57 19 -23
-7 -61 19 -23
-7 -53 7 -15
-7 150 7 -18
-7 -58 3 13
-9 -27 -1 13
-9 44 -1 37
-10 -73 -5 -62
-14 -9 -4 16
-13 -9 -3 -24
-13 0 -3 3
-10 -3 -20 34
-8 -4 -21 7
-9 -2 -25 7
-14 0 -36 -11
-12 -2 63 -35
-8 -2 -1 -41
4 0 -14 0
4 0 4 0
-11 0 -21 0
-11 0 -29 0
-40 0 1 0
19 0 -4 0
-17 0 -2 0
11 0 -2 0
0 0 0 0
0 0 0 0
0 0 0 0
0 0 0 0
0 0 0 0
0 0 0 0
0 0 0 0
0 0 0 0
0 0 0 0
0 0 0 0
0 0 0 0
0 0 0 0
31 -4 -7 -53
31 -6 -6 -52
28 -8 -5 -80
19 -11 -5 -50
19 -11 -7 -39
7 -10 -7 -31
7 -1 -7 -39
3 9 -7 150
-1 19 -9 -105
-1 -16 -9 -105
-5 -57 -10 46
-4 -61 -14 35
-3 -12 -13 -14
-3 -59 -13 10
-20 12 -10 -14
-21 9 -8 -3
-25 10 -9 5
-36 0 -14 0
63 0 -12 0
-1 0 -8 0
-14 0 4 0
4 0 4 0
-21 0 -11 0
-29 0 -11 0
1 0 -40 0
-4 0 19 0
-2 0 -17 0
-2 0 11 0
0 0 0 0
0 0 0 0
0 0 0 0
0 0 0 0
0 0 0 0
0 0 0 0
0 0 0 0
0 0 0 0
0 0 0 0
0 0 0 0
0 0 0 0
0 0 0 0
-7 -53 31 -4
-6 -52 31 -6
-5 -80 28 -8
-5 -50 19 -11
-7 -39 19 -11
-7 -31 7 -10
-7 -39 7 -1
-7 150 3 9
-9 -105 -1 19
-9 -105 -1 -16
-10 46 -5 -57
-14 35 -4 -61
-13 -14 -3 -12
-13 10 -3 -59
-10 -14 -20 12
-8 -3 -21 9
-9 5 -25 10
-14 0 -36 0
-12 0 63 0
-8 0 -1 0
4 0 -14 0
4 0 4 0
-11 0 -21 0
-11 0 -29 0
-40 0 1 0
19 0 -4 0
-17 0 -2 0
11 0 -2 0
0 0 0 0
0 0 0 0
0 0 0 0
0 0 0 0
0 0 0 0
0 0 0 0
0 0 0 0
0 0 0 0
0 0 0 0
0 0 0 0
0 0 0 0
0 0 0 0
31 -9 -7 -2
31 -14 -6 0
28 -20 -5 4
19 -27 -5 1
19 -32 -7 0
7 -38 -7 -3
7 -61 -7 -14
3 -69 -7 -8
-1 -69 -9 -8
-1 -64 -9 -11
-5 -70 -10 -15
-4 63 -14 -15
-3 63 -13 -12
-3 -27 -13 -12
-20 -4 -10 32
-21 -4 -8 32
-25 -31 -9 -40
-36 -13 -14 -9
63 1 -12 13
-1 2 -8 34
-14 4 4 36
4 2 4 27
-21 1 -11 -8
-29 -2 -11 -25
1 -2 -40 -25
-4 0 19 0
-2 0 -17 0
-2 0 11 0
0 0 0 0
0 0 0 0
0 0 0 0
0 0 0 0
0 0 0 0
0 0 0 0
0 0 0 0
0 0 0 0
0 0 0 0
0 0 0 0
0 0 0 0
0 0 0 0
-7 -2 31 -9
-6 0 31 -14
-5 4 28 -20
-5 1 19 -27
-7 0 19 -32
-7 -3 7 -38
-7 -14 7 -61
-7 -8 3 -69
-9 -8 -1 -69
-9 -11 -1 -64
-10 -15 -5 -70
-14 -15 -4 63
-13 -12 -3 63
-13 -12 -3 -27
-10 32 -20 -4
-8 32 -21 -4
-9 -40 -25 -31
-14 -9 -36 -13
-12 13 63 1
-8 34 -1 2
4 36 -14 4
4 27 4 2
-11 -8 -21 1
-11 -25 -29 -2
-40 -25 1 -2
19 0 -4 0
-17 0 -2 0
11 0 -2 0
0 0 0 0
0 0 0 0
0 0 0 0
0 0 0 0
0 0 0 0
0 0 0 0
0 0 0 0
0 0 0 0
0 0 0 0
0 0 0 0
0 0 0 0
0 0 0 0
-9 -9 -45 -45
-5 -5 -74 -74
-16 -16 -66 -66
-16 -16 -66 -66
-23 -23 -60 -60
-14 -14 58 58
-14 -14 18 18
-14 -14 18 18
27 27 -3 -3
7 7 -4 -4
-40 -40 -8 -8
-3 -3 -28 -28
24 24 -4 -4
-41 -41 -5 -5
27 27 -8 -8
27 27 -8 -8
-1 -1 -7 -7
-3 -3 -3 -3
-15 -15 -6 -6
0 0 0 0
0 0 0 0
0 0 0 0
0 0 0 0
0 0 0 0
0 0 0 0
0 0 0 0
0 0 0 0
0 0 0 0
0 0 0 0
0 0 0 0
0 0 0 0
0 0 0 0
0 0 0 0
0 0 0 0
0 0 0 0
0 0 0 0
0 0 0 0
0 0 0 0
0 0 0 0
0 0 0 0
-45 -45 -9 -9
-74 -74 -5 -5
-66 -66 -16 -16
-66 -66 -16 -16
-60 -60 -23 -23
58 58 -14 -14
18 18 -14 -14
18 18 -14 -14
-3 -3 27 27
-4 -4 7 7
-8 -8 -40 -40
-28 -28 -3 -3
-4 -4 24 24
-5 -5 -41 -41
-8 -8 27 27
-8 -8 27 27
-7 -7 -1 -1
-3 -3 -3 -3
-6 -6 -15 -15
0 0 0 0
0 0 0 0
0 0 0 0
0 0 0 0
0 0 0 0
0 0 0 0
0 0 0 0
0 0 0 0
0 0 0 0
0 0 0 0
0 0 0 0
0 0 0 0
0 0 0 0
0 0 0 0
0 0 0 0
0 0 0 0
0 0 0 0
0 0 0 0
0 0 0 0
0 0 0 0
0 0 0 0
-9 -10 -45 -40
-5 -10 -74 -53
-16 -16 -66 -61
-16 -12 -66 -21
-23 -11 -60 -21
-14 -6 58 -34
-14 11 18 41
-14 -8 18 -29
27 -18 -3 -29
7 -32 -4 -13
-40 17 -8 -11
-3 17 -28 0
24 -41 -4 2
-41 6 -5 -2
27 2 -8 2
27 1 -8 -3
-1 1 -7 -3
-3 3 -3 2
-15 0 -6 -1
0 -8 0 -3
0 0 0 0
0 0 0 0
0 0 0 0
0 0 0 0
0 0 0 0
0 0 0 0
0 0 0 0
0 0 0 0
0 0 0 0
0 0 0 0
0 0 0 0
0 0 0 0
0 0 0 0
0 0 0 0
0 0 0 0
0 0 0 0
0 0 0 0
0 0 0 0
0 0 0 0
0 0 0 0
-45 -40 -9 -10
-74 -53 -5 -10
-66 -61 -16 -16
-66 -21 -16 -12
-60 -21 -23 -11
58 -34 -14 -6
18 41 -14 11
18 -29 -14 -8
-3 -29 27 -18
-4 -13 7 -32
-8 -11 -40 17
-28 0 -3 17
-4 2 24 -41
-5 -2 -41 6
-8 2 27 2
-8 -3 27 1
-7 -3 -1 1
-3 2 -3 3
-6 -1 -15 0
0 -3 0 -8
0 0 0 0
0 0 0 0
0 0 0 0
0 0 0 0
0 0 0 0
0 0 0 0
0 0 0 0
0 0 0 0
0 0 0 0
0 0 0 0
0 0 0 0
0 0 0 0
0 0 0 0
0 0 0 0
0 0 0 0
0 0 0 0
0 0 0 0
0 0 0 0
0 0 0 0
0 0 0 0
-9 -10 -45 -56
-5 -13 -74 -64
-16 -13 -66 -66
-16 -21 -66 -55
-23 -18 -60 -55
-14 -23 58 -33
-14 -20 18 -33
-14 6 18 82
27 14 -3 -40
7 9 -4 27
-40 -11 -8 27
-3 -11 -28 3
24 -32 -4 3
-41 27 -5 -23
27 27 -8 -23
27 18 -8 -5
-1 32 -7 0
-3 12 -3 0
-15 -1 -6 0
0 -9 0 1
0 -23 0 -2
0 -25 0 1
0 -28 0 1
0 0 0 0
0 0 0 0
0 0 0 0
0 0 0 0
0 0 0 0
0 0 0 0
0 0 0 0
0 0 0 0
0 0 0 0
0 0 0 0
0 0 0 0
0 0 0 0
0 0 0 0
0 0 0 0
0 0 0 0
0 0 0 0
0 0 0 0
-45 -56 -9 -10
-74 -64 -5 -13
-66 -66 -16 -13
-66 -55 -16 -21
-60 -55 -23 -18
58 -33 -14 -23
18 -33 -14 -20
18 82 -14 6
-3 -40 27 14
-4 27 7 9
-8 27 -40 -11
-28 3 -3 -11
-4 3 24 -32
-5 -23 -41 27
-8 -23 27 27
-8 -5 27 18
-7 0 -1 32
-3 0 -3 12
-6 0 -15 -1
0 1 0 -9
0 -2 0 -23
0 1 0 -25
0 1 0 -28
0 0 0 0
0 0 0 0
0 0 0 0
0 0 0 0
0 0 0 0
0 0 0 0
0 0 0 0
0 0 0 0
0 0 0 0
0 0 0 0
0 0 0 0
0 0 0 0
0 0 0 0
0 0 0 0
0 0 0 0
0 0 0 0
0 0 0 0
-9 -8 -45 -91
-5 -13 -74 -21
-16 -14 -66 -10
-16 -13 -66 -23
-23 -6 -60 18
-14 12 58 37
-14 15 18 -33
-14 11 18 -42
27 -28 -3 5
7 -18 -4 -37
-40 3 -8 -6
-3 -11 -28 -11
24 9 -4 -7
-41 9 -5 -7
27 5 -8 7
27 0 -8 -5
-1 -6 -7 6
-3 -6 -3 6
-15 -5 -6 0
0 -8 0 0
0 -23 0 4
0 -23 0 4
0 0 0 0
0 0 0 0
0 0 0 0
0 0 0 0
0 0 0 0
0 0 0 0
0 0 0 0
0 0 0 0
0 0 0 0
0 0 0 0
0 0 0 0
0 0 0 0
0 0 0 0
0 0 0 0
0 0 0 0
0 0 0 0
0 0 0 0
0 0 0 0
-45 -91 -9 -8
-74 -21 -5 -13
-66 -10 -16 -14
-66 -23 -16 -13
-60 18 -23 -6
58 37 -14 12
18 -33 -14 15
18 -42 -14 11
-3 5 27 -28
-4 -37 7 -18
-8 -6 -40 3
-28 -11 -3 -11
-4 -7 24 9
-5 -7 -41 9
-8 7 27 5
-8 -5 27 0
-7 6 -1 -6
-3 6 -3 -6
-6 0 -15 -5
0 0 0 -8
0 4 0 -23
0 4 0 -23
0 0 0 0
0 0 0 0
0 0 0 0
0 0 0 0
0 0 0 0
0 0 0 0
0 0 0 0
0 0 0 0
0 0 0 0
0 0 0 0
0 0 0 0
0 0 0 0
0 0 0 0
0 0 0 0
0 0 0 0
0 0 0 0
0 0 0 0
0 0 0 0
-9 -7 -45 -53
-5 -6 -74 -55
-16 -22 -66 -60
-16 -22 -66 -60
-23 -15 -60 -59
-14 -23 58 10
-14 -6 18 -5
-14 -6 18 -32
27 22 -3 5
7 27 -4 14
-40 -36 -8 -27
-3 56 -28 -6
24 53 -4 -3
-41 -66 -5 -4
27 46 -8 2
27 24 -8 -6
-1 5 -7 -6
-3 -16 -3 -2
-15 -19 -6 -5
0 -19 0 -6
0 -22 0 -6
0 -27 0 -6
0 -38 0 -4
0 -36 0 -1
0 0 0 0
0 0 0 0
0 0 0 0
0 0 0 0
0 0 0 0
0 0 0 0
0 0 0 0
0 0 0 0
0 0 0 0
0 0 0 0
0 0 0 0
0 0 0 0
0 0 0 0
0 0 0 0
0 0 0 0
0 0 0 0
-45 -53 -9 -7
-74 -55 -5 -6
-66 -60 -16 -22
-66 -60 -16 -22
-60 -59 -23 -15
58 10 -14 -23
18 -5 -14 -6
18 -32 -14 -6
-3 5 27 22
-4 14 7 27
-8 -27 -40 -36
-28 -6 -3 56
-4 -3 24 53
-5 -4 -41 -66
-8 2 27 46
-8 -6 27 24
-7 -6 -1 5
-3 -2 -3 -16
-6 -5 -15 -19
0 -6 0 -19
0 -6 0 -22
0 -6 0 -27
0 -4 0 -38
0 -1 0 -36
0 0 0 0
0 0 0 0
0 0 0 0
0 0 0 0
0 0 0 0
0 0 0 0
0 0 0 0
0 0 0 0
0 0 0 0
0 0 0 0
0 0 0 0
0 0 0 0
0 0 0 0
0 0 0 0
0 0 0 0
0 0 0 0
-9 -6 -45 -88
-5 -6 -74 -88
-16 -12 -66 -69
-16 -12 -66 -22
-23 -10 -60 -33
-14 -8 58 -33
-14 15 18 123
-14 18 18 -86
27 -24 -3 -30
7 -39 -4 -31
-40 16 -8 -12
-3 16 -28 -12
24 13 -4 -8
-41 13 -5 -16
27 5 -8 13
27 5 -8 13
-1 -11 -7 -5
-3 -11 -3 -2
-15 -4 -6 2
0 -18 0 -4
0 -18 0 -4
0 -35 0 1
0 -39 0 -2
0 0 0 0
0 0 0 0
0 0 0 0
0 0 0 0
0 0 0 0
0 0 0 0
0 0 0 0
0 0 0 0
0 0 0 0
0 0 0 0
0 0 0 0
0 0 0 0
0 0 0 0
0 0 0 0
0 0 0 0
0 0 0 0
0 0 0 0
-45 -88 -9 -6
-74 -88 -5 -6
-66 -69 -16 -12
-66 -22 -16 -12
-60 -33 -23 -10
58 -33 -14 -8
18 123 -14 15
18 -86 -14 18
-3 -30 27 -24
-4 -31 7 -39
-8 -12 -40 16
-28 -12 -3 16
-4 -8 24 13
-5 -16 -41 13
-8 13 27 5
-8 13 27 5
-7 -5 -1 -11
-3 -2 -3 -11
-6 2 -15 -4
0 -4 0 -18
0 -4 0 -18
0 1 0 -35
0 -2 0 -39
0 0 0 0
0 0 0 0
0 0 0 0
0 0 0 0
0 0 0 0
0 0 0 0
0 0 0 0
0 0 0 0
0 0 0 0
0 0 0 0
0 0 0 0
0 0 0 0
0 0 0 0
0 0 0 0
0 0 0 0
0 0 0 0
0 0 0 0
-9 -10 -45 -63
-5 -13 -74 -63
-16 -12 -66 -56
-16 -23 -66 -57
-23 -23 -60 -61
-14 -15 58 -53
-14 -18 18 150
-14 13 18 -58
27 13 -3 -27
7 37 -4 44
-40 -62 -8 -73
-3 16 -28 -9
24 -24 -4 -9
-41 3 -5 0
27 34 -8 -3
27 7 -8 -4
-1 7 -7 -2
-3 -11 -3 0
-15 -35 -6 -2
0 -41 0 -2
0 0 0 0
0 0 0 0
0 0 0 0
0 0 0 0
0 0 0 0
0 0 0 0
0 0 0 0
0 0 0 0
0 0 0 0
0 0 0 0
0 0 0 0
0 0 0 0
0 0 0 0
0 0 0 0
0 0 0 0
0 0 0 0
0 0 0 0
0 0 0 0
0 0 0 0
0 0 0 0
-45 -63 -9 -10
-74 -63 -5 -13
-66 -56 -16 -12
-66 -57 -16 -23
-60 -61 -23 -23
58 -53 -14 -15
18 150 -14 -18
18 -58 -14 13
-3 -27 27 13
-4 44 7 37
-8 -73 -40 -62
-28 -9 -3 16
-4 -9 24 -24
-5 0 -41 3
-8 -3 27 34
-8 -4 27 7
-7 -2 -1 7
-3 0 -3 -11
-6 -2 -15 -35
0 -2 0 -41
0 0 0 0
0 0 0 0
0 0 0 0
0 0 0 0
0 0 0 0
0 0 0 0
0 0 0 0
0 0 0 0
0 0 0 0
0 0 0 0
0 0 0 0
0 0 0 0
0 0 0 0
0 0 0 0
0 0 0 0
0 0 0 0
0 0 0 0
0 0 0 0
0 0 0 0
0 0 0 0
-9 -4 -45 -53
-5 -6 -74 -52
-16 -8 -66 -80
-16 -11 -66 -50
-23 -11 -60 -39
-14 -10 58 -31
-14 -1 18 -39
-14 9 18 150
27 19 -3 -105
7 -16 -4 -105
-40 -57 -8 46
-3 -61 -28 35
24 -12 -4 -14
-41 -59 -5 10
27 12 -8 -14
27 9 -8 -3
-1 10 -7 5
-3 0 -3 0
-15 0 -6 0
0 0 0 0
0 0 0 0
0 0 0 0
0 0 0 0
0 0 0 0
0 0 0 0
0 0 0 0
0 0 0 0
0 0 0 0
0 0 0 0
0 0 0 0
0 0 0 0
0 0 0 0
0 0 0 0
0 0 0 0
0 0 0 0
0 0 0 0
0 0 0 0
0 0 0 0
0 0 0 0
0 0 0 0
-45 -53 -9 -4
-74 -52 -5 -6
-66 -80 -16 -8
-66 -50 -16 -11
-60 -39 -23 -11
58 -31 -14 -10
18 -39 -14 -1
18 150 -14 9
-3 -105 27 19
-4 -105 7 -16
-8 46 -40 -57
-28 35 -3 -61
-4 -14 24 -12
-5 10 -41 -59
-8 -14 27 12
-8 -3 27 9
-7 5 -1 10
-3 0 -3 0
-6 0 -15 0
0 0 0 0
0 0 0 0
0 0 0 0
0 0 0 0
0 0 0 0
0 0 0 0
0 0 0 0
0 0 0 0
0 0 0 0
0 0 0 0
0 0 0 0
0 0 0 0
0 0 0 0
0 0 0 0
0 0 0 0
0 0 0 0
0 0 0 0
0 0 0 0
0 0 0 0
0 0 0 0
0 0 0 0
-9 -9 -45 -2
-5 -14 -74 0
-16 -20 -66 4
-16 -27 -66 1
-23 -32 -60 0
-14 -38 58 -3
-14 -61 18 -14
-14 -69 18 -8
27 -69 -3 -8
7 -64 -4 -11
-40 -70 -8 -15
-3 63 -28 -15
24 63 -4 -12
-41 -27 -5 -12
27 -4 -8 32
27 -4 -8 32
-1 -31 -7 -40
-3 -13 -3 -9
-15 1 -6 13
0 2 0 34
0 4 0 36
0 2 0 27
0 1 0 -8
0 -2 0 -25
0 -2 0 -25
0 0 0 0
0 0 0 0
0 0 0 0
0 0 0 0
0 0 0 0
0 0 0 0
0 0 0 0
0 0 0 0
0 0 0 0
0 0 0 0
0 0 0 0
0 0 0 0
0 0 0 0
0 0 0 0
0 0 0 0
-45 -2 -9 -9
-74 0 -5 -14
-66 4 -16 -20
-66 1 -16 -27
-60 0 -23 -32
58 -3 -14 -38
18 -14 -14 -61
18 -8 -14 -69
-3 -8 27 -69
-4 -11 7 -64
-8 -15 -40 -70
-28 -15 -3 63
-4 -12 24 63
-5 -12 -41 -27
-8 32 27 -4
-8 32 27 -4
-7 -40 -1 -31
-3 -9 -3 -13
-6 13 -15 1
0 34 0 2
0 36 0 4
0 27 0 2
0 -8 0 1
0 -25 0 -2
0 -25 0 -2
0 0 0 0
0 0 0 0
0 0 0 0
0 0 0 0
0 0 0 0
0 0 0 0
0 0 0 0
0 0 0 0
0 0 0 0
0 0 0 0
0 0 0 0
0 0 0 0
0 0 0 0
0 0 0 0
0 0 0 0
-10 -10 -40 -40
-10 -10 -53 -53
-16 -16 -61 -61
-12 -12 -21 -21
-11 -11 -21 -21
-6 -6 -34 -34
11 11 41 41
-8 -8 -29 -29
-18 -18 -29 -29
-32 -32 -13 -13
17 17 -11 -11
17 17 0 0
-41 -41 2 2
6 6 -2 -2
2 2 2 2
1 1 -3 -3
1 1 -3 -3
3 3 2 2
0 0 -1 -1
-8 -8 -3 -3
0 0 0 0
0 0 0 0
0 0 0 0
0 0 0 0
0 0 0 0
0 0 0 0
0 0 0 0
0 0 0 0
0 0 0 0
0 0 0 0
0 0 0 0
0 0 0 0
0 0 0 0
0 0 0 0
0 0 0 0
0 0 0 0
0 0 0 0
0 0 0 0
0 0 0 0
0 0 0 0
-40 -40 -10 -10
-53 -53 -10 -10
-61 -61 -16 -16
-21 -21 -12 -12
-21 -21 -11 -11
-34 -34 -6 -6
41 41 11 11
-29 -29 -8 -8
-29 -29 -18 -18
-13 -13 -32 -32
-11 -11 17 17
0 0 17 17
2 2 -41 -41
-2 -2 6 6
2 2 2 2
-3 -3 1 1
-3 -3 1 1
2 2 3 3
-1 -1 0 0
-3 -3 -8 -8
0 0 0 0
0 0 0 0
0 0 0 0
0 0 0 0
0 0 0 0
0 0 0 0
0 0 0 0
0 0 0 0
0 0 0 0
0 0 0 0
0 0 0 0
0 0 0 0
0 0 0 0
0 0 0 0
0 0 0 0
0 0 0 0
0 0 0 0
0 0 0 0
0 0 0 0
0 0 0 0
-10 -10 -40 -56
-10 -13 -53 -64
-16 -13 -61 -66
-12 -21 -21 -55
-11 -18 -21 -55
-6 -23 -34 -33
11 -20 41 -33
-8 6 -29 82
-18 14 -29 -40
-32 9 -13 27
17 -11 -11 27
17 -11 0 3
-41 -32 2 3
6 27 -2 -23
2 27 2 -23
1 18 -3 -5
1 32 -3 0
3 12 2 0
0 -1 -1 0
-8 -9 -3 1
0 -23 0 -2
0 -25 0 1
0 -28 0 1
0 0 0 0
0 0 0 0
0 0 0 0
0 0 0 0
0 0 0 0
0 0 0 0
0 0 0 0
0 0 0 0
0 0 0 0
0 0 0 0
0 0 0 0
0 0 0 0
0 0 0 0
0 0 0 0
0 0 0 0
0 0 0 0
0 0 0 0
-40 -56 -10 -10
-53 -64 -10 -13
-61 -66 -16 -13
-21 -55 -12 -21
-21 -55 -11 -18
-34 -33 -6 -23
41 -33 11 -20
-29 82 -8 6
-29 -40 -18 14
-13 27 -32 9
-11 27 17 -11
0 3 17 -11
2 3 -41 -32
-2 -23 6 27
2 -23 2 27
-3 -5 1 18
-3 0 1 32
2 0 3 12
-1 0 0 -1
-3 1 -8 -9
0 -2 0 -23
0 1 0 -25
0 1 0 -28
0 0 0 0
0 0 0 0
0 0 0 0
0 0 0 0
0 0 0 0
0 0 0 0
0 0 0 0
0 0 0 0
0 0 0 0
0 0 0 0
0 0 0 0
0 0 0 0
0 0 0 0
0 0 0 0
0 0 0 0
0 0 0 0
0 0 0 0
-10 -8 -40 -91
-10 -13 -53 -21
-16 -14 -61 -10
-12 -13 -21 -23
-11 -6 -21 18
-6 12 -34 37
11 15 41 -33
-8 11 -29 -42
-18 -28 -29 5
-32 -18 -13 -37
17 3 -11 -6
17 -11 0 -11
-41 9 2 -7
6 9 -2 -7
2 5 2 7
1 0 -3 -5
1 -6 -3 6
3 -6 2 6
0 -5 -1 0
-8 -8 -3 0
0 -23 0 4
0 -23 0 4
0 0 0 0
0 0 0 0
0 0 0 0
0 0 0 0
0 0 0 0
0 0 0 0
0 0 0 0
0 0 0 0
0 0 0 0
0 0 0 0
0 0 0 0
0 0 0 0
0 0 0 0
0 0 0 0
0 0 0 0
0 0 0 0
0 0 0 0
0 0 0 0
-40 -91 -10 -8
-53 -21 -10 -13
-61 -10 -16 -14
-21 -23 -12 -13
-21 18 -11 -6
-34 37 -6 12
41 -33 11 15
-29 -42 -8 11
-29 5 -18 -28
-13 -37 -32 -18
-11 -6 17 3
0 -11 17 -11
2 -7 -41 9
-2 -7 6 9
2 7 2 5
-3 -5 1 0
-3 6 1 -6
2 6 3 -6
-1 0 0 -5
-3 0 -8 -8
0 4 0 -23
0 4 0 -23
0 0 0 0
0 0 0 0
0 0 0 0
0 0 0 0
0 0 0 0
0 0 0 0
0 0 0 0
0 0 0 0
0 0 0 0
0 0 0 0
0 0 0 0
0 0 0 0
0 0 0 0
0 0 0 0
0 0 0 0
0 0 0 0
0 0 0 0
0 0 0 0
-10 -7 -40 -53
-10 -6 -53 -55
-16 -22 -61 -60
-12 -22 -21 -60
-11 -15 -21 -59
-6 -23 -34 10
11 -6 41 -5
-8 -6 -29 -32
-18 22 -29 5
-32 27 -13 14
17 -36 -11 -27
17 56 0 -6
-41 53 2 -3
6 -66 -2 -4
2 46 2 2
1 24 -3 -6
1 5 -3 -6
3 -16 2 -2
0 -19 -1 -5
-8 -19 -3 -6
0 -22 0 -6
0 -27 0 -6
0 -38 0 -4
0 -36 0 -1
0 0 0 0
0 0 0 0
0 0 0 0
0 0 0 0
0 0 0 0
0 0 0 0
0 0 0 0
0 0 0 0
0 0 0 0
0 0 0 0
0 0 0 0
0 0 0 0
0 0 0 0
0 0 0 0
0 0 0 0
0 0 0 0
-40 -53 -10 -7
-53 -55 -10 -6
-61 -60 -16 -22
-21 -60 -12 -22
-21 -59 -11 -15
-34 10 -6 -23
41 -5 11 -6
-29 -32 -8 -6
-29 5 -18 22
-13 14 -32 27
-11 -27 17 -36
0 -6 17 56
2 -3 -41 53
-2 -4 6 -66
2 2 2 46
-3 -6 1 24
-3 -6 1 5
2 -2 3 -16
-1 -5 0 -19
-3 -6 -8 -19
0 -6 0 -22
0 -6 0 -27
0 -4 0 -38
0 -1 0 -36
0 0 0 0
0 0 0 0
0 0 0 0
0 0 0 0
0 0 0 0
0 0 0 0
0 0 0 0
0 0 0 0
0 0 0 0
0 0 0 0
0 0 0 0
0 0 0 0
0 0 0 0
0 0 0 0
0 0 0 0
0 0 0 0
-10 -6 -40 -88
-10 -6 -53 -88
-16 -12 -61 -69
-12 -12 -21 -22
-11 -10 -21 -33
-6 -8 -34 -33
11 15 41 123
-8 18 -29 -86
-18 -24 -29 -30
-32 -39 -13 -31
17 16 -11 -12
17 16 0 -12
-41 13 2 -8
6 13 -2 -16
2 5 2 13
1 5 -3 13
1 -11 -3 -5
3 -11 2 -2
0 -4 -1 2
-8 -18 -3 -4
0 -18 0 -4
0 -35 0 1
0 -39 0 -2
0 0 0 0
0 0 0 0
0 0 0 0
0 0 0 0
0 0 0 0
0 0 0 0
0 0 0 0
0 0 0 0
0 0 0 0
0 0 0 0
0 0 0 0
0 0 0 0
0 0 0 0
0 0 0 0
0 0 0 0
0 0 0 0
0 0 0 0
-40 -88 -10 -6
-53 -88 -10 -6
-61 -69 -16 -12
-21 -22 -12 -12
-21 -33 -11 -10
-34 -33 -6 -8
41 123 11 15
-29 -86 -8 18
-29 -30 -18 -24
-13 -31 -32 -39
-11 -12 17 16
0 -12 17 16
2 -8 -41 13
-2 -16 6 13
2 13 2 5
-3 13 1 5
-3 -5 1 -11
2 -2 3 -11
-1 2 0 -4
-3 -4 -8 -18
0 -4 0 -18
0 1 0 -35
0 -2 0 -39
0 0 0 0
0 0 0 0
0 0 0 0
0 0 0 0
0 0 0 0
0 0 0 0
0 0 0 0
0 0 0 0
0 0 0 0
0 0 0 0
0 0 0 0
0 0 0 0
0 0 0 0
0 0 0 0
0 0 0 0
0 0 0 0
0 0 0 0
-10 -10 -40 -63
-10 -13 -53 -63
-16 -12 -61 -56
-12 -23 -21 -57
-11 -23 -21 -61
-6 -15 -34 -53
11 -18 41 150
-8 13 -29 -58
-18 13 -29 -27
-32 37 -13 44
17 -62 -11 -73
17 16 0 -9
-41 -24 2 -9
6 3 -2 0
2 34 2 -3
1 7 -3 -4
1 7 -3 -2
3 -11 2 0
0 -35 -1 -2
-8 -41 -3 -2
0 0 0 0
0 0 0 0
0 0 0 0
0 0 0 0
0 0 0 0
0 0 0 0
0 0 0 0
0 0 0 0
0 0 0 0
0 0 0 0
0 0 0 0
0 0 0 0
0 0 0 0
0 0 0 0
0 0 0 0
0 0 0 0
0 0 0 0
0 0 0 0
0 0 0 0
0 0 0 0
-40 -63 -10 -10
-53 -63 -10 -13
-61 -56 -16 -12
-21 -57 -12 -23
-21 -61 -11 -23
-34 -53 -6 -15
41 150 11 -18
-29 -58 -8 13
-29 -27 -18 13
-13 44 -32 37
-11 -73 17 -62
0 -9 17 16
2 -9 -41 -24
-2 0 6 3
2 -3 2 34
-3 -4 1 7
-3 -2 1 7
2 0 3 -11
-1 -2 0 -35
-3 -2 -8 -41
0 0 0 0
0 0 0 0
0 0 0 0
0 0 0 0
0 0 0 0
0 0 0 0
0 0 0 0
0 0 0 0
0 0 0 0
0 0 0 0
0 0 0 0
0 0 0 0
0 0 0 0
0 0 0 0
0 0 0 0
0 0 0 0
0 0 0 0
0 0 0 0
0 0 0 0
0 0 0 0
-10 -4 -40 -53
-10 -6 -53 -52
-16 -8 -61 -80
-12 -11 -21 -50
-11 -11 -21 -39
-6 -10 -34 -31
11 -1 41 -39
-8 9 -29 150
-18 19 -29 -105
-32 -16 -13 -105
17 -57 -11 46
17 -61 0 35
-41 -12 2 -14
6 -59 -2 10
2 12 2 -14
1 9 -3 -3
1 10 -3 5
3 0 2 0
0 0 -1 0
-8 0 -3 0
0 0 0 0
0 0 0 0
0 0 0 0
0 0 0 0
0 0 0 0
0 0 0 0
0 0 0 0
0 0 0 0
0 0 0 0
0 0 0 0
0 0 0 0
0 0 0 0
0 0 0 0
0 0 0 0
0 0 0 0
0 0 0 0
0 0 0 0
0 0 0 0
0 0 0 0
0 0 0 0
-40 -53 -10 -4
-53 -52 -10 -6
-61 -80 -16 -8
-21 -50 -12 -11
-21 -39 -11 -11
-34 -31 -6 -10
41 -39 11 -1
-29 150 -8 9
-29 -105 -18 19
-13 -105 -32 -16
-11 46 17 -57
0 35 17 -61
2 -14 -41 -12
-2 10 6 -59
2 -14 2 12
-3 -3 1 9
-3 5 1 10
2 0 3 0
-1 0 0 0
-3 0 -8 0
0 0 0 0
0 0 0 0
0 0 0 0
0 0 0 0
0 0 0 0
0 0 0 0
0 0 0 0
0 0 0 0
0 0 0 0
0 0 0 0
0 0 0 0
0 0 0 0
0 0 0 0
0 0 0 0
0 0 0 0
0 0 0 0
0 0 0 0
0 0 0 0
0 0 0 0
0 0 0 0
-10 -9 -40 -2
-10 -14 -53 0
-16 -20 -61 4
-12 -27 -21 1
-11 -32 -21 0
-6 -38 -34 -3
11 -61 41 -14
-8 -69 -29 -8
-18 -69 -29 -8
-32 -64 -13 -11
17 -70 -11 -15
17 63 0 -15
-41 63 2 -12
6 -27 -2 -12
2 -4 2 32
1 -4 -3 32
1 -31 -3 -40
3 -13 2 -9
0 1 -1 13
-8 2 -3 34
0 4 0 36
0 2 0 27
0 1 0 -8
0 -2 0 -25
0 -2 0 -25
0 0 0 0
0 0 0 0
0 0 0 0
0 0 0 0
0 0 0 0
0 0 0 0
0 0 0 0
0 0 0 0
0 0 0 0
0 0 0 0
0 0 0 0
0 0 0 0
0 0 0 0
0 0 0 0
0 0 0 0
-40 -2 -10 -9
-53 0 -10 -14
-61 4 -16 -20
-21 1 -12 -27
-21 0 -11 -32
-34 -3 -6 -38
41 -14 11 -61
-29 -8 -8 -69
-29 -8 -18 -69
-13 -11 -32 -64
-11 -15 17 -70
0 -15 17 63
2 -12 -41 63
-2 -12 6 -27
2 32 2 -4
-3 32 1 -4
-3 -40 1 -31
2 -9 3 -13
-1 13 0 1
-3 34 -8 2
0 36 0 4
0 27 0 2
0 -8 0 1
0 -25 0 -2
0 -25 0 -2
0 0 0 0
0 0 0 0
0 0 0 0
0 0 0 0
0 0 0 0
0 0 0 0
0 0 0 0
0 0 0 0
0 0 0 0
0 0 0 0
0 0 0 0
0 0 0 0
0 0 0 0
0 0 0 0
0 0 0 0
-10 -10 -56 -56
-13 -13 -64 -64
-13 -13 -66 -66
-21 -21 -55 -55
-18 -18 -55 -55
-23 -23 -33 -33
-20 -20 -33 -33
6 6 82 82
14 14 -40 -40
9 9 27 27
-11 -11 27 27
-11 -11 3 3
-32 -32 3 3
27 27 -23 -23
27 27 -23 -23
18 18 -5 -5
32 32 0 0
12 12 0 0
-1 -1 0 0
-9 -9 1 1
-23 -23 -2 -2
-25 -25 1 1
-28 -28 1 1
0 0 0 0
0 0 0 0
0 0 0 0
0 0 0 0
0 0 0 0
0 0 0 0
0 0 0 0
0 0 0 0
0 0 0 0
0 0 0 0
0 0 0 0
0 0 0 0
0 0 0 0
0 0 0 0
0 0 0 0
0 0 0 0
0 0 0 0
-56 -56 -10 -10
-64 -64 -13 -13
-66 -66 -13 -13
-55 -55 -21 -21
-55 -55 -18 -18
-33 -33 -23 -23
-33 -33 -20 -20
82 82 6 6
-40 -40 14 14
27 27 9 9
27 27 -11 -11
3 3 -11 -11
3 3 -32 -32
-23 -23 27 27
-23 -23 27 27
-5 -5 18 18
0 0 32 32
0 0 12 12
0 0 -1 -1
1 1 -9 -9
-2 -2 -23 -23
1 1 -25 -25
1 1 -28 -28
0 0 0 0
0 0 0 0
0 0 0 0
0 0 0 0
0 0 0 0
0 0 0 0
0 0 0 0
0 0 0 0
0 0 0 0
0 0 0 0
0 0 0 0
0 0 0 0
0 0 0 0
0 0 0 0
0 0 0 0
0 0 0 0
0 0 0 0
-10 -8 -56 -91
-13 -13 -64 -21
-13 -14 -66 -10
-21 -13 -55 -23
-18 -6 -55 18
-23 12 -33 37
-20 15 -33 -33
6 11 82 -42
14 -28 -40 5
9 -18 27 -37
-11 3 27 -6
-11 -11 3 -11
-32 9 3 -7
27 9 -23 -7
27 5 -23 7
18 0 -5 -5
32 -6 0 6
12 -6 0 6
-1 -5 0 0
-9 -8 1 0
-23 -23 -2 4
-25 -23 1 4
-28 0 1 0
0 0 0 0
0 0 0 0
0 0 0 0
0 0 0 0
0 0 0 0
0 0 0 0
0 0 0 0
0 0 0 0
0 0 0 0
0 0 0 0
0 0 0 0
0 0 0 0
0 0 0 0
0 0 0 0
0 0 0 0
0 0 0 0
0 0 0 0
-56 -91 -10 -8
-64 -21 -13 -13
-66 -10 -13 -14
-55 -23 -21 -13
-55 18 -18 -6
-33 37 -23 12
-33 -33 -20 15
82 -42 6 11
-40 5 14 -28
27 -37 9 -18
27 -6 -11 3
3 -11 -11 -11
3 -7 -32 9
-23 -7 27 9
-23 7 27 5
-5 -5 18 0
0 6 32 -6
0 6 12 -6
0 0 -1 -5
1 0 -9 -8
-2 4 -23 -23
1 4 -25 -23
1 0 -28 0
0 0 0 0
0 0 0 0
0 0 0 0
0 0 0 0
0 0 0 0
0 0 0 0
0 0 0 0
0 0 0 0
0 0 0 0
0 0 0 0
0 0 0 0
0 0 0 0
0 0 0 0
0 0 0 0
0 0 0 0
0 0 0 0
0 0 0 0
-10 -7 -56 -53
-13 -6 -64 -55
-13 -22 -66 -60
-21 -22 -55 -60
-18 -15 -55 -59
-23 -23 -33 10
-20 -6 -33 -5
6 -6 82 -32
14 22 -40 5
9 27 27 14
-11 -36 27 -27
-11 56 3 -6
-32 53 3 -3
27 -66 -23 -4
27 46 -23 2
18 24 -5 -6
32 5 0 -6
12 -16 0 -2
-1 -19 0 -5
-9 -19 1 -6
-23 -22 -2 -6
-25 -27 1 -6
-28 -38 1 -4
0 -36 0 -1
0 0 0 0
0 0 0 0
0 0 0 0
0 0 0 0
0 0 0 0
0 0 0 0
0 0 0 0
0 0 0 0
0 0 0 0
0 0 0 0
0 0 0 0
0 0 0 0
0 0 0 0
0 0 0 0
0 0 0 0
0 0 0 0
-56 -53 -10 -7
-64 -55 -13 -6
-66 -60 -13 -22
-55 -60 -21 -22
-55 -59 -18 -15
-33 10 -23 -23
-33 -5 -20 -6
82 -32 6 -6
-40 5 14 22
27 14 9 27
27 -27 -11 -36
3 -6 -11 56
3 -3 -32 53
-23 -4 27 -66
-23 2 27 46
-5 -6 18 24
0 -6 32 5
0 -2 12 -16
0 -5 -1 -19
1 -6 -9 -19
-2 -6 -23 -22
1 -6 -25 -27
1 -4 -28 -38
0 -1 0 -36
0 0 0 0
0 0 0 0
0 0 0 0
0 0 0 0
0 0 0 0
0 0 0 0
0 0 0 0
0 0 0 0
0 0 0 0
0 0 0 0
0 0 0 0
0 0 0 0
0 0 0 0
0 0 0 0
0 0 0 0
0 0 0 0
-10 -6 -56 -88
-13 -6 -64 -88
-13 -12 -66 -69
-21 -12 -55 -22
-18 -10 -55 -33
-23 -8 -33 -33
-20 15 -33 123
6 18 82 -86
14 -24 -40 -30
9 -39 27 -31
-11 16 27 -12
-11 16 3 -12
-32 13 3 -8
27 13 -23 -16
27 5 -23 13
18 5 -5 13
32 -11 0 -5
12 -11 0 -2
-1 -4 0 2
-9 -18 1 -4
-23 -18 -2 -4
-25 -35 1 1
-28 -39 1 -2
0 0 0 0
0 0 0 0
0 0 0 0
0 0 0 0
0 0 0 0
0 0 0 0
0 0 0 0
0 0 0 0
0 0 0 0
0 0 0 0
0 0 0 0
0 0 0 0
0 0 0 0
0 0 0 0
0 0 0 0
0 0 0 0
0 0 0 0
-56 -88 -10 -6
-64 -88 -13 -6
-66 -69 -13 -12
-55 -22 -21 -12
-55 -33 -18 -10
-33 -33 -23 -8
-33 123 -20 15
82 -86 6 18
-40 -30 14 -24
27 -31 9 -39
27 -12 -11 16
3 -12 -11 16
3 -8 -32 13
-23 -16 27 13
-23 13 27 5
-5 13 18 5
0 -5 32 -11
0 -2 12 -11
0 2 -1 -4
1 -4 -9 -18
-2 -4 -23 -18
1 1 -25 -35
1 -2 -28 -39
0 0 0 0
0 0 0 0
0 0 0 0
0 0 0 0
0 0 0 0
0 0 0 0
0 0 0 0
0 0 0 0
0 0 0 0
0 0 0 0
0 0 0 0
0 0 0 0
0 0 0 0
0 0 0 0
0 0 0 0
0 0 0 0
0 0 0 0
-10 -10 -56 -63
-13 -13 -64 -63
-13 -12 -66 -56
-21 -23 -55 -57
-18 -23 -55 -61
-23 -15 -33 -53
-20 -18 -33 150
6 13 82 -58
14 13 -40 -27
9 37 27 44
-11 -62 27 -73
-11 16 3 -9
-32 -24 3 -9
27 3 -23 0
27 34 -23 -3
18 7 -5 -4
32 7 0 -2
12 -11 0 0
-1 -35 0 -2
-9 -41 1 -2
-23 0 -2 0
-25 0 1 0
-28 0 1 0
0 0 0 0
0 0 0 0
0 0 0 0
0 0 0 0
0 0 0 0
0 0 0 0
0 0 0 0
0 0 0 0
0 0 0 0
0 0 0 0
0 0 0 0
0 0 0 0
0 0 0 0
0 0 0 0
0 0 0 0
0 0 0 0
0 0 0 0
-56 -63 -10 -10
-64 -63 -13 -13
-66 -56 -13 -12
-55 -57 -21 -23
-55 -61 -18 -23
-33 -53 -23 -15
-33 150 -20 -18
82 -58 6 13
-40 -27 14 13
27 44 9 37
27 -73 -11 -62
3 -9 -11 16
3 -9 -32 -24
-23 0 27 3
-23 -3 27 34
-5 -4 18 7
0 -2 32 7
0 0 12 -11
0 -2 -1 -35
1 -2 -9 -41
-2 0 -23 0
1 0 -25 0
1 0 -28 0
0 0 0 0
0 0 0 0
0 0 0 0
0 0 0 0
0 0 0 0
0 0 0 0
0 0 0 0
0 0 0 0
0 0 0 0
0 0 0 0
0 0 0 0
0 0 0 0
0 0 0 0
0 0 0 0
0 0 0 0
0 0 0 0
0 0 0 0
-10 -4 -56 -53
-13 -6 -64 -52
-13 -8 -66 -80
-21 -11 -55 -50
-18 -11 -55 -39
-23 -10 -33 -31
-20 -1 -33 -39
6 9 82 150
14 19 -40 -105
9 -16 27 -105
-11 -57 27 46
-11 -61 3 35
-32 -12 3 -14
27 -59 -23 10
27 12 -23 -14
18 9 -5 -3
32 10 0 5
12 0 0 0
-1 0 0 0
-9 0 1 0
-23 0 -2 0
-25 0 1 0
-28 0 1 0
0 0 0 0
0 0 0 0
0 0 0 0
0 0 0 0
0 0 0 0
0 0 0 0
0 0 0 0
0 0 0 0
0 0 0 0
0 0 0 0
0 0 0 0
0 0 0 0
0 0 0 0
0 0 0 0
0 0 0 0
0 0 0 0
0 0 0 0
-56 -53 -10 -4
-64 -52 -13 -6
-66 -80 -13 -8
-55 -50 -21 -11
-55 -39 -18 -11
-33 -31 -23 -10
-33 -39 -20 -1
82 150 6 9
-40 -105 14 19
27 -105 9 -16
27 46 -11 -57
3 35 -11 -61
3 -14 -32 -12
-23 10 27 -59
-23 -14 27 12
-5 -3 18 9
0 5 32 10
0 0 12 0
0 0 -1 0
1 0 -9 0
-2 0 -23 0
1 0 -25 0
1 0 -28 0
0 0 0 0
0 0 0 0
0 0 0 0
0 0 0 0
0 0 0 0
0 0 0 0
0 0 0 0
0 0 0 0
0 0 0 0
0 0 0 0
0 0 0 0
0 0 0 0
0 0 0 0
0 0 0 0
0 0 0 0
0 0 0 0
0 0 0 0
-10 -9 -56 -2
-13 -14 -64 0
-13 -20 -66 4
-21 -27 -55 1
-18 -32 -55 0
-23 -38 -33 -3
-20 -61 -33 -14
6 -69 82 -8
14 -69 -40 -8
9 -64 27 -11
-11 -70 27 -15
-11 63 3 -15
-32 63 3 -12
27 -27 -23 -12
27 -4 -23 32
18 -4 -5 32
32 -31 0 -40
12 -13 0 -9
-1 1 0 13
-9 2 1 34
-23 4 -2 36
-25 2 1 27
-28 1 1 -8
0 -2 0 -25
0 -2 0 -25
0 0 0 0
0 0 0 0
0 0 0 0
0 0 0 0
0 0 0 0
0 0 0 0
0 0 0 0
0 0 0 0
0 0 0 0
0 0 0 0
0 0 0 0
0 0 0 0
0 0 0 0
0 0 0 0
0 0 0 0
-56 -2 -10 -9
-64 0 -13 -14
-66 4 -13 -20
-55 1 -21 -27
-55 0 -18 -32
-33 -3 -23 -38
-33 -14 -20 -61
82 -8 6 -69
-40 -8 14 -69
27 -11 9 -64
27 -15 -11 -70
3 -15 -11 63
3 -12 -32 63
-23 -12 27 -27
-23 32 27 -4
-5 32 18 -4
0 -40 32 -31
0 -9 12 -13
0 13 -1 1
1 34 -9 2
-2 36 -23 4
1 27 -25 2
1 -8 -28 1
0 -25 0 -2
0 -25 0 -2
0 0 0 0
0 0 0 0
0 0 0 0
0 0 0 0
0 0 0 0
0 0 0 0
0 0 0 0
0 0 0 0
0 0 0 0
0 0 0 0
0 0 0 0
0 0 0 0
0 0 0 0
0 0 0 0
0 0 0 0
-8 -8 -91 -91
-13 -13 -21 -21
-14 -14 -10 -10
-13 -13 -23 -23
-6 -6 18 18
12 12 37 37
15 15 -33 -33
11 11 -42 -42
-28 -28 5 5
-18 -18 -37 -37
3 3 -6 -6
-11 -11 -11 -11
9 9 -7 -7
9 9 -7 -7
5 5 7 7
0 0 -5 -5
-6 -6 6 6
-6 -6 6 6
-5 -5 0 0
-8 -8 0 0
-23 -23 4 4
-23 -23 4 4
0 0 0 0
0 0 0 0
0 0 0 0
0 0 0 0
0 0 0 0
0 0 0 0
0 0 0 0
0 0 0 0
0 0 0 0
0 0 0 0
0 0 0 0
0 0 0 0
0 0 0 0
0 0 0 0
0 0 0 0
0 0 0 0
0 0 0 0
0 0 0 0
-91 -91 -8 -8
-21 -21 -13 -13
-10 -10 -14 -14
-23 -23 -13 -13
18 18 -6 -6
37 37 12 12
-33 -33 15 15
-42 -42 11 11
5 5 -28 -28
-37 -37 -18 -18
-6 -6 3 3
-11 -11 -11 -11
-7 -7 9 9
-7 -7 9 9
7 7 5 5
-5 -5 0 0
6 6 -6 -6
6 6 -6 -6
0 0 -5 -5
0 0 -8 -8
4 4 -23 -23
4 4 -23 -23
0 0 0 0
0 0 0 0
0 0 0 0
0 0 0 0
0 0 0 0
0 0 0 0
0 0 0 0
0 0 0 0
0 0 0 0
0 0 0 0
0 0 0 0
0 0 0 0
0 0 0 0
0 0 0 0
0 0 0 0
0 0 0 0
0 0 0 0
0 0 0 0
-8 -7 -91 -53
-13 -6 -21 -55
-14 -22 -10 -60
-13 -22 -23 -60
-6 -15 18 -59
12 -23 37 10
15 -6 -33 -5
11 -6 -42 -32
-28 22 5 5
-18 27 -37 14
3 -36 -6 -27
-11 56 -11 -6
9 53 -7 -3
9 -66 -7 -4
5 46 7 2
0 24 -5 -6
-6 5 6 -6
-6 -16 6 -2
-5 -19 0 -5
-8 -19 0 -6
-23 -22 4 -6
-23 -27 4 -6
0 -38 0 -4
0 -36 0 -1
0 0 0 0
0 0 0 0
0 0 0 0
0 0 0 0
0 0 0 0
0 0 0 0
0 0 0 0
0 0 0 0
0 0 0 0
0 0 0 0
0 0 0 0
0 0 0 0
0 0 0 0
0 0 0 0
0 0 0 0
0 0 0 0
-91 -53 -8 -7
-21 -55 -13 -6
-10 -60 -14 -22
-23 -60 -13 -22
18 -59 -6 -15
37 10 12 -23
-33 -5 15 -6
-42 -32 11 -6
5 5 -28 22
-37 14 -18 27
-6 -27 3 -36
-11 -6 -11 56
-7 -3 9 53
-7 -4 9 -66
7 2 5 46
-5 -6 0 24
6 -6 -6 5
6 -2 -6 -16
0 -5 -5 -19
0 -6 -8 -19
4 -6 -23 -22
4 -6 -23 -27
0 -4 0 -38
0 -1 0 -36
0 0 0 0
0 0 0 0
0 0 0 0
0 0 0 0
0 0 0 0
0 0 0 0
0 0 0 0
0 0 0 0
0 0 0 0
0 0 0 0
0 0 0 0
0 0 0 0
0 0 0 0
0 0 0 0
0 0 0 0
0 0 0 0
-8 -6 -91 -88
-13 -6 -21 -88
-14 -12 -10 -69
-13 -12 -23 -22
-6 -10 18 -33
12 -8 37 -33
15 15 -33 123
11 18 -42 -86
-28 -24 5 -30
-18 -39 -37 -31
3 16 -6 -12
-11 16 -11 -12
9 13 -7 -8
9 13 -7 -16
5 5 7 13
0 5 -5 13
-6 -11 6 -5
-6 -11 6 -2
-5 -4 0 2
-8 -18 0 -4
-23 -18 4 -4
-23 -35 4 1
0 -39 0 -2
0 0 0 0
0 0 0 0
0 0 0 0
0 0 0 0
0 0 0 0
0 0 0 0
0 0 0 0
0 0 0 0
0 0 0 0
0 0 0 0
0 0 0 0
0 0 0 0
0 0 0 0
0 0 0 0
0 0 0 0
0 0 0 0
0 0 0 0
-91 -88 -8 -6
-21 -88 -13 -6
-10 -69 -14 -12
-23 -22 -13 -12
18 -33 -6 -10
37 -33 12 -8
-33 123 15 15
-42 -86 11 18
5 -30 -28 -24
-37 -31 -18 -39
-6 -12 3 16
-11 -12 -11 16
-7 -8 9 13
-7 -16 9 13
7 13 5 5
-5 13 0 5
6 -5 -6 -11
6 -2 -6 -11
0 2 -5 -4
0 -4 -8 -18
4 -4 -23 -18
4 1 -23 -35
0 -2 0 -39
0 0 0 0
0 0 0 0
0 0 0 0
0 0 0 0
0 0 0 0
0 0 0 0
0 0 0 0
0 0 0 0
0 0 0 0
0 0 0 0
0 0 0 0
0 0 0 0
0 0 0 0
0 0 0 0
0 0 0 0
0 0 0 0
0 0 0 0
-8 -10 -91 -63
-13 -13 -21 -63
-14 -12 -10 -56
-13 -23 -23 -57
-6 -23 18 -61
12 -15 37 -53
15 -18 -33 150
11 13 -42 -58
-28 13 5 -27
-18 37 -37 44
3 -62 -6 -73
-11 16 -11 -9
9 -24 -7 -9
9 3 -7 0
5 34 7 -3
0 7 -5 -4
-6 7 6 -2
-6 -11 6 0
-5 -35 0 -2
-8 -41 0 -2
-23 0 4 0
-23 0 4 0
0 0 0 0
0 0 0 0
0 0 0 0
0 0 0 0
0 0 0 0
0 0 0 0
0 0 0 0
0 0 0 0
0 0 0 0
0 0 0 0
0 0 0 0
0 0 0 0
0 0 0 0
0 0 0 0
0 0 0 0
0 0 0 0
0 0 0 0
0 0 0 0
-91 -63 -8 -10
-21 -63 -13 -13
-10 -56 -14 -12
-23 -57 -13 -23
18 -61 -6 -23
37 -53 12 -15
-33 150 15 -18
-42 -58 11 13
5 -27 -28 13
-37 44 -18 37
-6 -73 3 -62
-11 -9 -11 16
-7 -9 9 -24
-7 0 9 3
7 -3 5 34
-5 -4 0 7
6 -2 -6 7
6 0 -6 -11
0 -2 -5 -35
0 -2 -8 -41
4 0 -23 0
4 0 -23 0
0 0 0 0
0 0 0 0
0 0 0 0
0 0 0 0
0 0 0 0
0 0 0 0
0 0 0 0
0 0 0 0
0 0 0 0
0 0 0 0
0 0 0 0
0 0 0 0
0 0 0 0
0 0 0 0
0 0 0 0
0 0 0 0
0 0 0 0
0 0 0 0
-8 -4 -91 -53
-13 -6 -21 -52
-14 -8 -10 -80
-13 -11 -23 -50
-6 -11 18 -39
12 -10 37 -31
15 -1 -33 -39
11 9 -42 150
-28 19 5 -105
-18 -16 -37 -105
3 -57 -6 46
-11 -61 -11 35
9 -12 -7 -14
9 -59 -7 10
5 12 7 -14
0 9 -5 -3
-6 10 6 5
-6 0 6 0
-5 0 0 0
-8 0 0 0
-23 0 4 0
-23 0 4 0
0 0 0 0
0 0 0 0
0 0 0 0
0 0 0 0
0 0 0 0
0 0 0 0
0 0 0 0
0 0 0 0
0 0 0 0
0 0 0 0
0 0 0 0
0 0 0 0
0 0 0 0
0 0 0 0
0 0 0 0
0 0 0 0
0 0 0 0
0 0 0 0
-91 -53 -8 -4
-21 -52 -13 -6
-10 -80 -14 -8
-23 -50 -13 -11
18 -39 -6 -11
37 -31 12 -10
-33 -39 15 -1
-42 150 11 9
5 -105 -28 19
-37 -105 -18 -16
-6 46 3 -57
-11 35 -11 -61
-7 -14 9 -12
-7 10 9 -59
7 -14 5 12
-5 -3 0 9
6 5 -6 10
6 0 -6 0
0 0 -5 0
0 0 -8 0
4 0 -23 0
4 0 -23 0
0 0 0 0
0 0 0 0
0 0 0 0
0 0 0 0
0 0 0 0
0 0 0 0
0 0 0 0
0 0 0 0
0 0 0 0
0 0 0 0
0 0 0 0
0 0 0 0
0 0 0 0
0 0 0 0
0 0 0 0
0 0 0 0
0 0 0 0
0 0 0 0
-8 -9 -91 -2
-13 -14 -21 0
-14 -20 -10 4
-13 -27 -23 1
-6 -32 18 0
12 -38 37 -3
15 -61 -33 -14
11 -69 -42 -8
-28 -69 5 -8
-18 -64 -37 -11
3 -70 -6 -15
-11 63 -11 -15
9 63 -7 -12
9 -27 -7 -12
5 -4 7 32
0 -4 -5 32
-6 -31 6 -40
-6 -13 6 -9
-5 1 0 13
-8 2 0 34
-23 4 4 36
-23 2 4 27
0 1 0 -8
0 -2 0 -25
0 -2 0 -25
0 0 0 0
0 0 0 0
0 0 0 0
0 0 0 0
0 0 0 0
0 0 0 0
0 0 0 0
0 0 0 0
0 0 0 0
0 0 0 0
0 0 0 0
0 0 0 0
0 0 0 0
0 0 0 0
0 0 0 0
-91 -2 -8 -9
-21 0 -13 -14
-10 4 -14 -20
-23 1 -13 -27
18 0 -6 -32
37 -3 12 -38
-33 -14 15 -61
-42 -8 11 -69
5 -8 -28 -69
-37 -11 -18 -64
-6 -15 3 -70
-11 -15 -11 63
-7 -12 9 63
-7 -12 9 -27
7 32 5 -4
-5 32 0 -4
6 -40 -6 -31
6 -9 -6 -13
0 13 -5 1
0 34 -8 2
4 36 -23 4
4 27 -23 2
0 -8 0 1
0 -25 0 -2
0 -25 0 -2
0 0 0 0
0 0 0 0
0 0 0 0
0 0 0 0
0 0 0 0
0 0 0 0
0 0 0 0
0 0 0 0
0 0 0 0
0 0 0 0
0 0 0 0
0 0 0 0
0 0 0 0
0 0 0 0
0 0 0 0
-7 -7 -53 -53
-6 -6 -55 -55
-22 -22 -60 -60
-22 -22 -60 -60
-15 -15 -59 -59
-23 -23 10 10
-6 -6 -5 -5
-6 -6 -32 -32
22 22 5 5
27 27 14 14
-36 -36 -27 -27
56 56 -6 -6
53 53 -3 -3
-66 -66 -4 -4
46 46 2 2
24 24 -6 -6
5 5 -6 -6
-16 -16 -2 -2
-19 -19 -5 -5
-19 -19 -6 -6
-22 -22 -6 -6
-27 -27 -6 -6
-38 -38 -4 -4
-36 -36 -1 -1
0 0 0 0
0 0 0 0
0 0 0 0
0 0 0 0
0 0 0 0
0 0 0 0
0 0 0 0
0 0 0 0
0 0 0 0
0 0 0 0
0 0 0 0
0 0 0 0
0 0 0 0
0 0 0 0
0 0 0 0
0 0 0 0
-53 -53 -7 -7
-55 -55 -6 -6
-60 -60 -22 -22
-60 -60 -22 -22
-59 -59 -15 -15
10 10 -23 -23
-5 -5 -6 -6
-32 -32 -6 -6
5 5 22 22
14 14 27 27
-27 -27 -36 -36
-6 -6 56 56
-3 -3 53 53
-4 -4 -66 -66
2 2 46 46
-6 -6 24 24
-6 -6 5 5
-2 -2 -16 -16
-5 -5 -19 -19
-6 -6 -19 -19
-6 -6 -22 -22
-6 -6 -27 -27
-4 -4 -38 -38
-1 -1 -36 -36
0 0 0 0
0 0 0 0
0 0 0 0
0 0 0 0
0 0 0 0
0 0 0 0
0 0 0 0
0 0 0 0
0 0 0 0
0 0 0 0
0 0 0 0
0 0 0 0
0 0 0 0
0 0 0 0
0 0 0 0
0 0 0 0
-7 -6 -53 -88
-6 -6 -55 -88
-22 -12 -60 -69
-22 -12 -60 -22
-15 -10 -59 -33
-23 -8 10 -33
-6 15 -5 123
-6 18 -32 -86
22 -24 5 -30
27 -39 14 -31
-36 16 -27 -12
56 16 -6 -12
53 13 -3 -8
-66 13 -4 -16
46 5 2 13
24 5 -6 13
5 -11 -6 -5
-16 -11 -2 -2
-19 -4 -5 2
-19 -18 -6 -4
-22 -18 -6 -4
-27 -35 -6 1
-38 -39 -4 -2
-36 0 -1 0
0 0 0 0
0 0 0 0
0 0 0 0
0 0 0 0
0 0 0 0
0 0 0 0
0 0 0 0
0 0 0 0
0 0 0 0
0 0 0 0
0 0 0 0
0 0 0 0
0 0 0 0
0 0 0 0
0 0 0 0
0 0 0 0
-53 -88 -7 -6
-55 -88 -6 -6
-60 -69 -22 -12
-60 -22 -22 -12
-59 -33 -15 -10
10 -33 -23 -8
-5 123 -6 15
-32 -86 -6 18
5 -30 22 -24
14 -31 27 -39
-27 -12 -36 16
-6 -12 56 16
-3 -8 53 13
-4 -16 -66 13
2 13 46 5
-6 13 24 5
-6 -5 5 -11
-2 -2 -16 -11
-5 2 -19 -4
-6 -4 -19 -18
-6 -4 -22 -18
-6 1 -27 -35
-4 -2 -38 -39
-1 0 -36 0
0 0 0 0
0 0 0 0
0 0 0 0
0 0 0 0
0 0 0 0
0 0 0 0
0 0 0 0
0 0 0 0
0 0 0 0
0 0 0 0
0 0 0 0
0 0 0 0
0 0 0 0
0 0 0 0
0 0 0 0
0 0 0 0
-7 -10 -53 -63
-6 -13 -55 -63
-22 -12 -60 -56
-22 -23 -60 -57
-15 -23 -59 -61
-23 -15 10 -53
-6 -18 -5 150
-6 13 -32 -58
22 13 5 -27
27 37 14 44
-36 -62 -27 -73
56 16 -6 -9
53 -24 -3 -9
-66 3 -4 0
46 34 2 -3
24 7 -6 -4
5 7 -6 -2
-16 -11 -2 0
-19 -35 -5 -2
-19 -41 -6 -2
-22 0 -6 0
-27 0 -6 0
-38 0 -4 0
-36 0 -1 0
0 0 0 0
0 0 0 0
0 0 0 0
0 0 0 0
0 0 0 0
0 0 0 0
0 0 0 0
0 0 0 0
0 0 0 0
0 0 0 0
0 0 0 0
0 0 0 0
0 0 0 0
0 0 0 0
0 0 0 0
0 0 0 0
-53 -63 -7 -10
-55 -63 -6 -13
-60 -56 -22 -12
-60 -57 -22 -23
-59 -61 -15 -23
10 -53 -23 -15
-5 150 -6 -18
-32 -58 -6 13
5 -27 22 13
14 44 27 37
-27 -73 -36 -62
-6 -9 56 16
-3 -9 53 -24
-4 0 -66 3
2 -3 46 34
-6 -4 24 7
-6 -2 5 7
-2 0 -16 -11
-5 -2 -19 -35
-6 -2 -19 -41
-6 0 -22 0
-6 0 -27 0
-4 0 -38 0
-1 0 -36 0
0 0 0 0
0 0 0 0
0 0 0 0
0 0 0 0
0 0 0 0
0 0 0 0
0 0 0 0
0 0 0 0
0 0 0 0
0 0 0 0
0 0 0 0
0 0 0 0
0 0 0 0
0 0 0 0
0 0 0 0
0 0 0 0
-7 -4 -53 -53
-6 -6 -55 -52
-22 -8 -60 -80
-22 -11 -60 -50
-15 -11 -59 -39
-23 -10 10 -31
-6 -1 -5 -39
-6 9 -32 150
22 19 5 -105
27 -16 14 -105
-36 -57 -27 46
56 -61 -6 35
53 -12 -3 -14
-66 -59 -4 10
46 12 2 -14
24 9 -6 -3
5 10 -6 5
-16 0 -2 0
-19 0 -5 0
-19 0 -6 0
-22 0 -6 0
-27 0 -6 0
-38 0 -4 0
-36 0 -1 0
0 0 0 0
0 0 0 0
0 0 0 0
0 0 0 0
0 0 0 0
0 0 0 0
0 0 0 0
0 0 0 0
0 0 0 0
0 0 0 0
0 0 0 0
0 0 0 0
0 0 0 0
0 0 0 0
0 0 0 0
0 0 0 0
-53 -53 -7 -4
-55 -52 -6 -6
-60 -80 -22 -8
-60 -50 -22 -11
-59 -39 -15 -11
10 -31 -23 -10
-5 -39 -6 -1
-32 150 -6 9
5 -105 22 19
14 -105 27 -16
-27 46 -36 -57
-6 35 56 -61
-3 -14 53 -12
-4 10 -66 -59
2 -14 46 12
-6 -3 24 9
-6 5 5 10
-2 0 -16 0
-5 0 -19 0
-6 0 -19 0
-6 0 -22 0
-6 0 -27 0
-4 0 -38 0
-1 0 -36 0
0 0 0 0
0 0 0 0
0 0 0 0
0 0 0 0
0 0 0 0
0 0 0 0
0 0 0 0
0 0 0 0
0 0 0 0
0 0 0 0
0 0 0 0
0 0 0 0
0 0 0 0
0 0 0 0
0 0 0 0
0 0 0 0
-7 -9 -53 -2
-6 -14 -55 0
-22 -20 -60 4
-22 -27 -60 1
-15 -32 -59 0
-23 -38 10 -3
-6 -61 -5 -14
-6 -69 -32 -8
22 -69 5 -8
27 -64 14 -11
-36 -70 -27 -15
56 63 -6 -15
53 63 -3 -12
-66 -27 -4 -12
46 -4 2 32
24 -4 -6 32
5 -31 -6 -40
-16 -13 -2 -9
-19 1 -5 13
-19 2 -6 34
-22 4 -6 36
-27 2 -6 27
-38 1 -4 -8
-36 -2 -1 -25
0 -2 0 -25
0 0 0 0
0 0 0 0
0 0 0 0
0 0 0 0
0 0 0 0
0 0 0 0
0 0 0 0
0 0 0 0
0 0 0 0
0 0 0 0
0 0 0 0
0 0 0 0
0 0 0 0
0 0 0 0
0 0 0 0
-53 -2 -7 -9
-55 0 -6 -14
-60 4 -22 -20
-60 1 -22 -27
-59 0 -15 -32
10 -3 -23 -38
-5 -14 -6 -61
-32 -8 -6 -69
5 -8 22 -69
14 -11 27 -64
-27 -15 -36 -70
-6 -15 56 63
-3 -12 53 63
-4 -12 -66 -27
2 32 46 -4
-6 32 24 -4
-6 -40 5 -31
-2 -9 -16 -13
-5 13 -19 1
-6 34 -19 2
-6 36 -22 4
-6 27 -27 2
-4 -8 -38 1
-1 -25 -36 -2
0 -25 0 -2
0 0 0 0
0 0 0 0
0 0 0 0
0 0 0 0
0 0 0 0
0 0 0 0
0 0 0 0
0 0 0 0
0 0 0 0
0 0 0 0
0 0 0 0
0 0 0 0
0 0 0 0
0 0 0 0
0 0 0 0
-6 -6 -88 -88
-6 -6 -88 -88
-12 -12 -69 -69
-12 -12 -22 -22
-10 -10 -33 -33
-8 -8 -33 -33
15 15 123 123
18 18 -86 -86
-24 -24 -30 -30
-39 -39 -31 -31
16 16 -12 -12
16 16 -12 -12
13 13 -8 -8
13 13 -16 -16
5 5 13 13
5 5 13 13
-11 -11 -5 -5
-11 -11 -2 -2
-4 -4 2 2
-18 -18 -4 -4
-18 -18 -4 -4
-35 -35 1 1
-39 -39 -2 -2
0 0 0 0
0 0 0 0
0 0 0 0
0 0 0 0
0 0 0 0
0 0 0 0
0 0 0 0
0 0 0 0
0 0 0 0
0 0 0 0
0 0 0 0
0 0 0 0
0 0 0 0
0 0 0 0
0 0 0 0
0 0 0 0
0 0 0 0
-88 -88 -6 -6
-88 -88 -6 -6
-69 -69 -12 -12
-22 -22 -12 -12
-33 -33 -10 -10
-33 -33 -8 -8
123 123 15 15
-86 -86 18 18
-30 -30 -24 -24
-31 -31 -39 -39
-12 -12 16 16
-12 -12 16 16
-8 -8 13 13
-16 -16 13 13
13 13 5 5
13 13 5 5
-5 -5 -11 -11
-2 -2 -11 -11
2 2 -4 -4
-4 -4 -18 -18
-4 -4 -18 -18
1 1 -35 -35
-2 -2 -39 -39
0 0 0 0
0 0 0 0
0 0 0 0
0 0 0 0
0 0 0 0
0 0 0 0
0 0 0 0
0 0 0 0
0 0 0 0
0 0 0 0
0 0 0 0
0 0 0 0
0 0 0 0
0 0 0 0
0 0 0 0
0 0 0 0
0 0 0 0
-6 -10 -88 -63
-6 -13 -88 -63
-12 -12 -69 -56
-12 -23 -22 -57
-10 -23 -33 -61
-8 -15 -33 -53
15 -18 123 150
18 13 -86 -58
-24 13 -30 -27
-39 37 -31 44
16 -62 -12 -73
16 16 -12 -9
13 -24 -8 -9
13 3 -16 0
5 34 13 -3
5 7 13 -4
-11 7 -5 -2
-11 -11 -2 0
-4 -35 2 -2
-18 -41 -4 -2
-18 0 -4 0
-35 0 1 0
-39 0 -2 0
0 0 0 0
0 0 0 0
0 0 0 0
0 0 0 0
0 0 0 0
0 0 0 0
0 0 0 0
0 0 0 0
0 0 0 0
0 0 0 0
0 0 0 0
0 0 0 0
0 0 0 0
0 0 0 0
0 0 0 0
0 0 0 0
0 0 0 0
-88 -63 -6 -10
-88 -63 -6 -13
-69 -56 -12 -12
-22 -57 -12 -23
-33 -61 -10 -23
-33 -53 -8 -15
123 150 15 -18
-86 -58 18 13
-30 -27 -24 13
-31 44 -39 37
-12 -73 16 -62
-12 -9 16 16
-8 -9 13 -24
-16 0 13 3
13 -3 5 34
13 -4 5 7
-5 -2 -11 7
-2 0 -11 -11
2 -2 -4 -35
-4 -2 -18 -41
-4 0 -18 0
1 0 -35 0
-2 0 -39 0
0 0 0 0
0 0 0 0
0 0 0 0
0 0 0 0
0 0 0 0
0 0 0 0
0 0 0 0
0 0 0 0
0 0 0 0
0 0 0 0
0 0 0 0
0 0 0 0
0 0 0 0
0 0 0 0
0 0 0 0
0 0 0 0
0 0 0 0
-6 -4 -88 -53
-6 -6 -88 -52
-12 -8 -69 -80
-12 -11 -22 -50
-10 -11 -33 -39
-8 -10 -33 -31
15 -1 123 -39
18 9 -86 150
-24 19 -30 -105
-39 -16 -31 -105
16 -57 -12 46
16 -61 -12 35
13 -12 -8 -14
13 -59 -16 10
5 12 13 -14
5 9 13 -3
-11 10 -5 5
-11 0 -2 0
-4 0 2 0
-18 0 -4 0
-18 0 -4 0
-35 0 1 0
-39 0 -2 0
0 0 0 0
0 0 0 0
0 0 0 0
0 0 0 0
0 0 0 0
0 0 0 0
0 0 0 0
0 0 0 0
0 0 0 0
0 0 0 0
0 0 0 0
0 0 0 0
0 0 0 0
0 0 0 0
0 0 0 0
0 0 0 0
0 0 0 0
-88 -53 -6 -4
-88 -52 -6 -6
-69 -80 -12 -8
-22 -50 -12 -11
-33 -39 -10 -11
-33 -31 -8 -10
123 -39 15 -1
-86 150 18 9
-30 -105 -24 19
-31 -105 -39 -16
-12 46 16 -57
-12 35 16 -61
-8 -14 13 -12
-16 10 13 -59
13 -14 5 12
13 -3 5 9
-5 5 -11 10
-2 0 -11 0
2 0 -4 0
-4 0 -18 0
-4 0 -18 0
1 0 -35 0
-2 0 -39 0
0 0 0 0
0 0 0 0
0 0 0 0
0 0 0 0
0 0 0 0
0 0 0 0
0 0 0 0
0 0 0 0
0 0 0 0
0 0 0 0
0 0 0 0
0 0 0 0
0 0 0 0
0 0 0 0
0 0 0 0
0 0 0 0
0 0 0 0
-6 -9 -88 -2
-6 -14 -88 0
-12 -20 -69 4
-12 -27 -22 1
-10 -32 -33 0
-8 -38 -33 -3
15 -61 123 -14
18 -69 -86 -8
-24 -69 -30 -8
-39 -64 -31 -11
16 -70 -12 -15
16 63 -12 -15
13 63 -8 -12
13 -27 -16 -12
5 -4 13 32
5 -4 13 32
-11 -31 -5 -40
-11 -13 -2 -9
-4 1 2 13
-18 2 -4 34
-18 4 -4 36
-35 2 1 27
-39 1 -2 -8
0 -2 0 -25
0 -2 0 -25
0 0 0 0
0 0 0 0
0 0 0 0
0 0 0 0
0 0 0 0
0 0 0 0
0 0 0 0
0 0 0 0
0 0 0 0
0 0 0 0
0 0 0 0
0 0 0 0
0 0 0 0
0 0 0 0
0 0 0 0
-88 -2 -6 -9
-88 0 -6 -14
-69 4 -12 -20
-22 1 -12 -27
-33 0 -10 -32
-33 -3 -8 -38
123 -14 15 -61
-86 -8 18 -69
-30 -8 -24 -69
-31 -11 -39 -64
-12 -15 16 -70
-12 -15 16 63
-8 -12 13 63
-16 -12 13 -27
13 32 5 -4
13 32 5 -4
-5 -40 -11 -31
-2 -9 -11 -13
2 13 -4 1
-4 34 -18 2
-4 36 -18 4
1 27 -35 2
-2 -8 -39 1
0 -25 0 -2
0 -25 0 -2
0 0 0 0
0 0 0 0
0 0 0 0
0 0 0 0
0 0 0 0
0 0 0 0
0 0 0 0
0 0 0 0
0 0 0 0
0 0 0 0
0 0 0 0
0 0 0 0
0 0 0 0
0 0 0 0
0 0 0 0
-10 -10 -63 -63
-13 -13 -63 -63
-12 -12 -56 -56
-23 -23 -57 -57
-23 -23 -61 -61
-15 -15 -53 -53
-18 -18 150 150
13 13 -58 -58
13 13 -27 -27
37 37 44 44
-62 -62 -73 -73
16 16 -9 -9
-24 -24 -9 -9
3 3 0 0
34 34 -3 -3
7 7 -4 -4
7 7 -2 -2
-11 -11 0 0
-35 -35 -2 -2
-41 -41 -2 -2
0 0 0 0
0 0 0 0
0 0 0 0
0 0 0 0
0 0 0 0
0 0 0 0
0 0 0 0
0 0 0 0
0 0 0 0
0 0 0 0
0 0 0 0
0 0 0 0
0 0 0 0
0 0 0 0
0 0 0 0
0 0 0 0
0 0 0 0
0 0 0 0
0 0 0 0
0 0 0 0
-63 -63 -10 -10
-63 -63 -13 -13
-56 -56 -12 -12
-57 -57 -23 -23
-61 -61 -23 -23
-53 -53 -15 -15
150 150 -18 -18
-58 -58 13 13
-27 -27 13 13
44 44 37 37
-73 -73 -62 -62
-9 -9 16 16
-9 -9 -24 -24
0 0 3 3
-3 -3 34 34
-4 -4 7 7
-2 -2 7 7
0 0 -11 -11
-2 -2 -35 -35
-2 -2 -41 -41
0 0 0 0
0 0 0 0
0 0 0 0
0 0 0 0
0 0 0 0
0 0 0 0
0 0 0 0
0 0 0 0
0 0 0 0
0 0 0 0
0 0 0 0
0 0 0 0
0 0 0 0
0 0 0 0
0 0 0 0
0 0 0 0
0 0 0 0
0 0 0 0
0 0 0 0
0 0 0 0
-10 -4 -63 -53
-13 -6 -63 -52
-12 -8 -56 -80
-23 -11 -57 -50
-23 -11 -61 -39
-15 -10 -53 -31
-18 -1 150 -39
13 9 -58 150
13 19 -27 -105
37 -16 44 -105
-62 -57 -73 46
16 -61 -9 35
-24 -12 -9 -14
3 -59 0 10
34 12 -3 -14
7 9 -4 -3
7 10 -2 5
-11 0 0 0
-35 0 -2 0
-41 0 -2 0
0 0 0 0
0 0 0 0
0 0 0 0
0 0 0 0
0 0 0 0
0 0 0 0
0 0 0 0
0 0 0 0
0 0 0 0
0 0 0 0
0 0 0 0
0 0 0 0
0 0 0 0
0 0 0 0
0 0 0 0
0 0 0 0
0 0 0 0
0 0 0 0
0 0 0 0
0 0 0 0
-63 -53 -10 -4
-63 -52 -13 -6
-56 -80 -12 -8
-57 -50 -23 -11
-61 -39 -23 -11
-53 -31 -15 -10
150 -39 -18 -1
-58 150 13 9
-27 -105 13 19
44 -105 37 -16
-73 46 -62 -57
-9 35 16 -61
-9 -14 -24 -12
0 10 3 -59
-3 -14 34 12
-4 -3 7 9
-2 5 7 10
0 0 -11 0
-2 0 -35 0
-2 0 -41 0
0 0 0 0
0 0 0 0
0 0 0 0
0 0 0 0
0 0 0 0
0 0 0 0
0 0 0 0
0 0 0 0
0 0 0 0
0 0 0 0
0 0 0 0
0 0 0 0
0 0 0 0
0 0 0 0
0 0 0 0
0 0 0 0
0 0 0 0
0 0 0 0
0 0 0 0
0 0 0 0
-10 -9 -63 -2
-13 -14 -63 0
-12 -20 -56 4
-23 -27 -57 1
-23 -32 -61 0
-15 -38 -53 -3
-18 -61 150 -14
13 -69 -58 -8
13 -69 -27 -8
37 -64 44 -11
-62 -70 -73 -15
16 63 -9 -15
-24 63 -9 -12
3 -27 0 -12
34 -4 -3 32
7 -4 -4 32
7 -31 -2 -40
-11 -13 0 -9
-35 1 -2 13
-41 2 -2 34
0 4 0 36
0 2 0 27
0 1 0 -8
0 -2 0 -25
0 -2 0 -25
0 0 0 0
0 0 0 0
0 0 0 0
0 0 0 0
0 0 0 0
0 0 0 0
0 0 0 0
0 0 0 0
0 0 0 0
0 0 0 0
0 0 0 0
0 0 0 0
0 0 0 0
0 0 0 0
0 0 0 0
-63 -2 -10 -9
-63 0 -13 -14
-56 4 -12 -20
-57 1 -23 -27
-61 0 -23 -32
-53 -3 -15 -38
150 -14 -18 -61
-58 -8 13 -69
-27 -8 13 -69
44 -11 37 -64
-73 -15 -62 -70
-9 -15 16 63
-9 -12 -24 63
0 -12 3 -27
-3 32 34 -4
-4 32 7 -4
-2 -40 7 -31
0 -9 -11 -13
-2 13 -35 1
-2 34 -41 2
0 36 0 4
0 27 0 2
0 -8 0 1
0 -25 0 -2
0 -25 0 -2
0 0 0 0
0 0 0 0
0 0 0 0
0 0 0 0
0 0 0 0
0 0 0 0
0 0 0 0
0 0 0 0
0 0 0 0
0 0 0 0
0 0 0 0
0 0 0 0
0 0 0 0
0 0 0 0
0 0 0 0
-4 -4 -53 -53
-6 -6 -52 -52
-8 -8 -80 -80
-11 -11 -50 -50
-11 -11 -39 -39
-10 -10 -31 -31
-1 -1 -39 -39
9 9 150 150
19 19 -105 -105
-16 -16 -105 -105
-57 -57 46 46
-61 -61 35 35
-12 -12 -14 -14
-59 -59 10 10
12 12 -14 -14
9 9 -3 -3
10 10 5 5
0 0 0 0
0 0 0 0
0 0 0 0
0 0 0 0
0 0 0 0
0 0 0 0
0 0 0 0
0 0 0 0
0 0 0 0
0 0 0 0
0 0 0 0
0 0 0 0
0 0 0 0
0 0 0 0
0 0 0 0
0 0 0 0
0 0 0 0
0 0 0 0
0 0 0 0
0 0 0 0
0 0 0 0
0 0 0 0
0 0 0 0
-53 -53 -4 -4
-52 -52 -6 -6
-80 -80 -8 -8
-50 -50 -11 -11
-39 -39 -11 -11
-31 -31 -10 -10
-39 -39 -1 -1
150 150 9 9
-105 -105 19 19
-105 -105 -16 -16
46 46 -57 -57
35 35 -61 -61
-14 -14 -12 -12
10 10 -59 -59
-14 -14 12 12
-3 -3 9 9
5 5 10 10
0 0 0 0
0 0 0 0
0 0 0 0
0 0 0 0
0 0 0 0
0 0 0 0
0 0 0 0
0 0 0 0
0 0 0 0
0 0 0 0
0 0 0 0
0 0 0 0
0 0 0 0
0 0 0 0
0 0 0 0
0 0 0 0
0 0 0 0
0 0 0 0
0 0 0 0
0 0 0 0
0 0 0 0
0 0 0 0
0 0 0 0
-4 -9 -53 -2
-6 -14 -52 0
-8 -20 -80 4
-11 -27 -50 1
-11 -32 -39 0
-10 -38 -31 -3
-1 -61 -39 -14
9 -69 150 -8
19 -69 -105 -8
-16 -64 -105 -11
-57 -70 46 -15
-61 63 35 -15
-12 63 -14 -12
-59 -27 10 -12
12 -4 -14 32
9 -4 -3 32
10 -31 5 -40
0 -13 0 -9
0 1 0 13
0 2 0 34
0 4 0 36
0 2 0 27
0 1 0 -8
0 -2 0 -25
0 -2 0 -25
0 0 0 0
0 0 0 0
0 0 0 0
0 0 0 0
0 0 0 0
0 0 0 0
0 0 0 0
0 0 0 0
0 0 0 0
0 0 0 0
0 0 0 0
0 0 0 0
0 0 0 0
0 0 0 0
0 0 0 0
-53 -2 -4 -9
-52 0 -6 -14
-80 4 -8 -20
-50 1 -11 -27
-39 0 -11 -32
-31 -3 -10 -38
-39 -14 -1 -61
150 -8 9 -69
-105 -8 19 -69
-105 -11 -16 -64
46 -15 -57 -70
35 -15 -61 63
-14 -12 -12 63
10 -12 -59 -27
-14 32 12 -4
-3 32 9 -4
5 -40 10 -31
0 -9 0 -13
0 13 0 1
0 34 0 2
0 36 0 4
0 27 0 2
0 -8 0 1
0 -25 0 -2
0 -25 0 -2
0 0 0 0
0 0 0 0
0 0 0 0
0 0 0 0
0 0 0 0
0 0 0 0
0 0 0 0
0 0 0 0
0 0 0 0
0 0 0 0
0 0 0 0
0 0 0 0
0 0 0 0
0 0 0 0
0 0 0 0
-9 -9 -2 -2
-14 -14 0 0
-20 -20 4 4
-27 -27 1 1
-32 -32 0 0
-38 -38 -3 -3
-61 -61 -14 -14
-69 -69 -8 -8
-69 -69 -8 -8
-64 -64 -11 -11
-70 -70 -15 -15
63 63 -15 -15
63 63 -12 -12
-27 -27 -12 -12
-4 -4 32 32
-4 -4 32 32
-31 -31 -40 -40
-13 -13 -9 -9
1 1 13 13
2 2 34 34
4 4 36 36
2 2 27 27
1 1 -8 -8
-2 -2 -25 -25
-2 -2 -25 -25
0 0 0 0
0 0 0 0
0 0 0 0
0 0 0 0
0 0 0 0
0 0 0 0
0 0 0 0
0 0 0 0
0 0 0 0
0 0 0 0
0 0 0 0
0 0 0 0
0 0 0 0
0 0 0 0
0 0 0 0
-2 -2 -9 -9
0 0 -14 -14
4 4 -20 -20
1 1 -27 -27
0 0 -32 -32
-3 -3 -38 -38
-14 -14 -61 -61
-8 -8 -69 -69
-8 -8 -69 -69
-11 -11 -64 -64
-15 -15 -70 -70
-15 -15 63 63
-12 -12 63 63
-12 -12 -27 -27
32 32 -4 -4
32 32 -4 -4
-40 -40 -31 -31
-9 -9 -13 -13
13 13 1 1
34 34 2 2
36 36 4 4
27 27 2 2
-8 -8 1 1
-25 -25 -2 -2
-25 -25 -2 -2
0 0 0 0
0 0 0 0
0 0 0 0
0 0 0 0
0 0 0 0
0 0 0 0
0 0 0 0
0 0 0 0
0 0 0 0
0 0 0 0
0 0 0 0
0 0 0 0
0 0 0 0
0 0 0 0
0 0 0 0
