-29.0 1.0 -10.928572
-28.0 -10.0 -11.642858
-26.0 -21.0 -11.285714
-23.0 -26.0 -10.357142
-28.0 -41.0 -8.785714
-28.0 -41.0 -6.642857
-25.0 -75.0 -2.5
-16.0 -104.0 4.357143
6.0 -99.0 12.071428
4.0 -98.0 19.571428
4.0 -98.0 27.428572
-57.0 -78.0 28.571428
-44.0 -55.0 29.285715
-44.0 -70.0 34.357143
-65.0 -38.0 34.57143
-54.0 -62.0 36.42857
-69.0 -52.0 35.57143
-19.0 -74.0 39.285713
-19.0 -74.0 42.285713
-6.0 -85.0 47.0
-6.0 -85.0 49.07143
-39.0 -3.0 40.214287
-92.0 65.0 21.5
-92.0 65.0 3.0
-128.0 -19.0 -12.071428
0.0 0.0 0.0
0.0 0.0 0.0
0.0 0.0 0.0
0.0 0.0 0.0
0.0 0.0 0.0
0.0 0.0 0.0
0.0 0.0 0.0
0.0 0.0 0.0
0.0 0.0 0.0
0.0 0.0 0.0
0.0 0.0 0.0
0.0 0.0 0.0
0.0 0.0 0.0
0.0 0.0 0.0
0.0 0.0 0.0
-128.0 -28.0 -20.714285
-128.0 -28.0 -28.642857
-97.0 67.0 -42.214287
-128.0 37.0 -52.07143
-90.0 -4.0 -58.785713
-20.0 -16.0 -57.857143
-97.0 -36.0 -66.14286
-69.0 -78.0 -69.42857
-85.0 2.0 -81.28571
-85.0 2.0 -93.14286
-8.0 12.0 -92.0
14.0 -31.0 -77.57143
-11.0 -90.0 -60.714287
36.0 -114.0 -42.214287
9.0 -128.0 -25.285715
-5.0 -128.0 -9.357142
12.0 -128.0 12.357142
0.0 0.0 0.0
0.0 0.0 0.0
0.0 0.0 0.0
0.0 0.0 0.0
0.0 0.0 0.0
0.0 0.0 0.0
0.0 0.0 0.0
0.0 0.0 0.0
0.0 0.0 0.0
0.0 0.0 0.0
0.0 0.0 0.0
0.0 0.0 0.0
0.0 0.0 0.0
0.0 0.0 0.0
0.0 0.0 0.0
0.0 0.0 0.0
0.0 0.0 0.0
0.0 0.0 0.0
0.0 0.0 0.0
0.0 0.0 0.0
0.0 0.0 0.0
0.0 0.0 0.0
0.0 0.0 0.0
-5.0 -128.0 32.92857
-36.0 -23.0 38.142857
-50.0 -23.0 36.5
-50.0 -23.0 38.92857
-63.0 -125.0 42.714287
-95.0 -128.0 51.285713
-21.0 -56.0 60.0
-21.0 -56.0 63.92857
-5.0 -91.0 66.85714
-26.0 24.0 57.642857
-69.0 20.0 40.57143
-69.0 20.0 24.428572
-128.0 13.0 5.571429
-128.0 26.0 -15.428572
0.0 0.0 0.0
0.0 0.0 0.0
0.0 0.0 0.0
0.0 0.0 0.0
0.0 0.0 0.0
0.0 0.0 0.0
0.0 0.0 0.0
0.0 0.0 0.0
0.0 0.0 0.0
0.0 0.0 0.0
0.0 0.0 0.0
0.0 0.0 0.0
0.0 0.0 0.0
0.0 0.0 0.0
0.0 0.0 0.0
0.0 0.0 0.0
0.0 0.0 0.0
0.0 0.0 0.0
0.0 0.0 0.0
0.0 0.0 0.0
0.0 0.0 0.0
0.0 0.0 0.0
0.0 0.0 0.0
0.0 0.0 0.0
0.0 0.0 0.0
0.0 0.0 0.0
-128.0 15.0 -34.42857
-128.0 12.0 -43.5
-128.0 12.0 -51.57143
-128.0 13.0 -59.714287
-128.0 -9.0 -72.64286
-91.0 -42.0 -78.5
-104.0 -7.0 -87.92857
-104.0 6.0 -98.28571
-90.0 20.0 -112.28571
50.0 -4.0 -104.85714
1.0 -77.0 -92.92857
1.0 -91.0 -80.0
-16.0 -128.0 -61.92857
-13.0 -128.0 -42.714287
24.0 -128.0 -21.642857
24.0 -128.0 -0.78571427
21.0 -128.0 19.857143
0.0 0.0 0.0
0.0 0.0 0.0
0.0 0.0 0.0
0.0 0.0 0.0
0.0 0.0 0.0
0.0 0.0 0.0
0.0 0.0 0.0
0.0 0.0 0.0
0.0 0.0 0.0
0.0 0.0 0.0
0.0 0.0 0.0
0.0 0.0 0.0
0.0 0.0 0.0
0.0 0.0 0.0
0.0 0.0 0.0
0.0 0.0 0.0
0.0 0.0 0.0
0.0 0.0 0.0
0.0 0.0 0.0
0.0 0.0 0.0
0.0 0.0 0.0
0.0 0.0 0.0
0.0 0.0 0.0
-22.0 -128.0 37.5
-22.0 -128.0 53.57143
-54.0 -63.0 57.714287
-70.0 -128.0 68.78571
-69.0 -128.0 80.85714
-63.0 -83.0 90.14286
8.0 -66.0 91.57143
-34.0 -55.0 87.5
-43.0 -11.0 78.64286
-98.0 76.0 58.214287
-128.0 -34.0 43.285713
-128.0 -17.0 24.5
-128.0 28.0 2.5
-128.0 8.0 -17.857143
0.0 0.0 0.0
0.0 0.0 0.0
0.0 0.0 0.0
0.0 0.0 0.0
0.0 0.0 0.0
0.0 0.0 0.0
0.0 0.0 0.0
0.0 0.0 0.0
0.0 0.0 0.0
0.0 0.0 0.0
0.0 0.0 0.0
0.0 0.0 0.0
0.0 0.0 0.0
0.0 0.0 0.0
0.0 0.0 0.0
0.0 0.0 0.0
0.0 0.0 0.0
0.0 0.0 0.0
0.0 0.0 0.0
0.0 0.0 0.0
0.0 0.0 0.0
0.0 0.0 0.0
0.0 0.0 0.0
0.0 0.0 0.0
0.0 0.0 0.0
0.0 0.0 0.0
-119.0 35.0 -36.42857
-119.0 35.0 -55.0
70.0 21.0 -52.142857
48.0 -50.0 -49.285713
-128.0 -78.0 -57.07143
-128.0 -78.0 -62.07143
-70.0 15.0 -73.42857
-72.0 29.0 -82.14286
-60.0 25.0 -85.92857
37.0 -17.0 -69.64286
-68.0 -108.0 -60.07143
15.0 -128.0 -41.92857
15.0 -128.0 -20.571428
-21.0 -128.0 -3.2142856
3.0 -108.0 15.714286
0.0 0.0 0.0
0.0 0.0 0.0
0.0 0.0 0.0
0.0 0.0 0.0
0.0 0.0 0.0
0.0 0.0 0.0
0.0 0.0 0.0
0.0 0.0 0.0
0.0 0.0 0.0
0.0 0.0 0.0
0.0 0.0 0.0
0.0 0.0 0.0
0.0 0.0 0.0
0.0 0.0 0.0
0.0 0.0 0.0
0.0 0.0 0.0
0.0 0.0 0.0
0.0 0.0 0.0
0.0 0.0 0.0
0.0 0.0 0.0
0.0 0.0 0.0
0.0 0.0 0.0
0.0 0.0 0.0
0.0 0.0 0.0
0.0 0.0 0.0
-5.0 -92.0 32.92857
-5.0 -92.0 35.642857
-30.0 -128.0 35.642857
-30.0 -97.0 44.0
-51.0 -2.0 44.07143
-55.0 -128.0 55.357143
-44.0 -74.0 64.71429
18.0 -47.0 75.42857
18.0 -73.0 78.07143
-9.0 -23.0 76.21429
-46.0 62.0 58.285713
-128.0 -93.0 45.57143
-128.0 -93.0 35.42857
-128.0 -43.0 21.428572
-128.0 29.0 4.0
-127.0 -17.0 -10.071428
0.0 0.0 0.0
0.0 0.0 0.0
0.0 0.0 0.0
0.0 0.0 0.0
0.0 0.0 0.0
0.0 0.0 0.0
0.0 0.0 0.0
0.0 0.0 0.0
0.0 0.0 0.0
0.0 0.0 0.0
0.0 0.0 0.0
0.0 0.0 0.0
0.0 0.0 0.0
0.0 0.0 0.0
0.0 0.0 0.0
0.0 0.0 0.0
0.0 0.0 0.0
0.0 0.0 0.0
0.0 0.0 0.0
0.0 0.0 0.0
0.0 0.0 0.0
0.0 0.0 0.0
0.0 0.0 0.0
0.0 0.0 0.0
-128.0 43.0 -29.285715
108.0 2.0 -26.5
108.0 2.0 -15.428572
-128.0 -48.0 -26.357143
-128.0 -58.0 -33.5
-72.0 -2.0 -43.142857
-61.0 37.0 -56.642857
58.0 25.0 -55.285713
45.0 25.0 -46.142857
-92.0 -92.0 -43.642857
-38.0 -82.0 -38.0
3.0 -128.0 -22.571428
13.0 -128.0 -1.2857143
13.0 -128.0 16.642857
0.0 0.0 0.0
0.0 0.0 0.0
0.0 0.0 0.0
0.0 0.0 0.0
0.0 0.0 0.0
0.0 0.0 0.0
0.0 0.0 0.0
0.0 0.0 0.0
0.0 0.0 0.0
0.0 0.0 0.0
0.0 0.0 0.0
0.0 0.0 0.0
0.0 0.0 0.0
0.0 0.0 0.0
0.0 0.0 0.0
0.0 0.0 0.0
0.0 0.0 0.0
0.0 0.0 0.0
0.0 0.0 0.0
0.0 0.0 0.0
0.0 0.0 0.0
0.0 0.0 0.0
0.0 0.0 0.0
0.0 0.0 0.0
0.0 0.0 0.0
0.0 0.0 0.0
-6.0 -102.0 35.714287
-6.0 -81.0 33.5
-2.0 -128.0 34.92857
-41.0 -56.0 41.714287
-56.0 -82.0 48.57143
-108.0 -128.0 55.0
-76.0 -64.0 61.142857
-26.0 -62.0 61.357143
-12.0 -113.0 67.14286
-12.0 -113.0 74.35714
-79.0 36.0 63.0
-100.0 27.0 44.57143
-128.0 33.0 23.0
-128.0 33.0 1.4285715
-128.0 31.0 -16.785715
0.0 0.0 0.0
0.0 0.0 0.0
0.0 0.0 0.0
0.0 0.0 0.0
0.0 0.0 0.0
0.0 0.0 0.0
0.0 0.0 0.0
0.0 0.0 0.0
0.0 0.0 0.0
0.0 0.0 0.0
0.0 0.0 0.0
0.0 0.0 0.0
0.0 0.0 0.0
0.0 0.0 0.0
0.0 0.0 0.0
0.0 0.0 0.0
0.0 0.0 0.0
0.0 0.0 0.0
0.0 0.0 0.0
0.0 0.0 0.0
0.0 0.0 0.0
0.0 0.0 0.0
0.0 0.0 0.0
0.0 0.0 0.0
0.0 0.0 0.0
-115.0 -32.0 -28.071428
-115.0 -32.0 -43.0
127.0 28.0 -37.0
-32.0 -46.0 -37.857143
-32.0 -62.0 -37.142857
-128.0 -59.0 -41.214287
-82.0 34.0 -52.07143
-84.0 22.0 -66.85714
-101.0 20.0 -82.71429
8.0 5.0 -74.28571
21.0 -44.0 -60.57143
29.0 -126.0 -38.0
-20.0 -128.0 -18.785715
-20.0 -128.0 0.2857143
0.0 0.0 0.0
0.0 0.0 0.0
0.0 0.0 0.0
0.0 0.0 0.0
0.0 0.0 0.0
0.0 0.0 0.0
0.0 0.0 0.0
0.0 0.0 0.0
0.0 0.0 0.0
0.0 0.0 0.0
0.0 0.0 0.0
0.0 0.0 0.0
0.0 0.0 0.0
0.0 0.0 0.0
0.0 0.0 0.0
0.0 0.0 0.0
0.0 0.0 0.0
0.0 0.0 0.0
0.0 0.0 0.0
0.0 0.0 0.0
0.0 0.0 0.0
0.0 0.0 0.0
0.0 0.0 0.0
0.0 0.0 0.0
0.0 0.0 0.0
0.0 0.0 0.0
14.0 -113.0 15.285714
14.0 -113.0 30.285715
15.0 -111.0 32.214287
-5.0 -128.0 40.0
-39.0 -87.0 41.285713
-39.0 -87.0 49.642857
-49.0 -128.0 63.57143
-53.0 -96.0 74.21429
29.0 -57.0 89.0
35.0 -91.0 97.78571
-22.0 0.0 91.57143
-59.0 56.0 72.28571
-59.0 56.0 56.357143
-128.0 36.0 36.92857
-128.0 -16.0 19.857143
-128.0 47.0 -1.7142857
0.0 0.0 0.0
0.0 0.0 0.0
0.0 0.0 0.0
0.0 0.0 0.0
0.0 0.0 0.0
0.0 0.0 0.0
0.0 0.0 0.0
0.0 0.0 0.0
0.0 0.0 0.0
0.0 0.0 0.0
0.0 0.0 0.0
0.0 0.0 0.0
0.0 0.0 0.0
0.0 0.0 0.0
0.0 0.0 0.0
0.0 0.0 0.0
0.0 0.0 0.0
0.0 0.0 0.0
0.0 0.0 0.0
0.0 0.0 0.0
0.0 0.0 0.0
0.0 0.0 0.0
0.0 0.0 0.0
0.0 0.0 0.0
-128.0 13.0 -20.785715
-128.0 13.0 -39.642857
-128.0 41.0 -55.142857
127.0 14.0 -50.5
-128.0 -41.0 -62.357143
-128.0 -40.0 -71.71429
-60.0 22.0 -83.71429
-63.0 32.0 -99.5
-63.0 32.0 -104.71429
-8.0 2.0 -97.21429
-8.0 -109.0 -81.78571
-8.0 -128.0 -61.5
3.0 -128.0 -44.142857
-21.0 -128.0 -24.0
22.0 -128.0 -3.2142856
20.0 -128.0 17.428572
0.0 0.0 0.0
0.0 0.0 0.0
0.0 0.0 0.0
0.0 0.0 0.0
0.0 0.0 0.0
0.0 0.0 0.0
0.0 0.0 0.0
0.0 0.0 0.0
0.0 0.0 0.0
0.0 0.0 0.0
0.0 0.0 0.0
0.0 0.0 0.0
0.0 0.0 0.0
0.0 0.0 0.0
0.0 0.0 0.0
0.0 0.0 0.0
0.0 0.0 0.0
0.0 0.0 0.0
0.0 0.0 0.0
0.0 0.0 0.0
0.0 0.0 0.0
0.0 0.0 0.0
0.0 0.0 0.0
0.0 0.0 0.0
-17.0 -128.0 37.42857
-40.0 12.0 25.642857
-63.0 -18.0 28.642857
-96.0 -21.0 29.571428
-97.0 -128.0 37.642857
-44.0 -76.0 46.714287
49.0 -64.0 61.57143
4.0 -72.0 67.71429
-51.0 -116.0 65.14286
-55.0 56.0 48.642857
-89.0 70.0 27.928572
-128.0 20.0 9.714286
-128.0 -70.0 -5.142857
0.0 0.0 0.0
0.0 0.0 0.0
0.0 0.0 0.0
0.0 0.0 0.0
0.0 0.0 0.0
0.0 0.0 0.0
0.0 0.0 0.0
0.0 0.0 0.0
0.0 0.0 0.0
0.0 0.0 0.0
0.0 0.0 0.0
0.0 0.0 0.0
0.0 0.0 0.0
0.0 0.0 0.0
0.0 0.0 0.0
0.0 0.0 0.0
0.0 0.0 0.0
0.0 0.0 0.0
0.0 0.0 0.0
0.0 0.0 0.0
0.0 0.0 0.0
0.0 0.0 0.0
0.0 0.0 0.0
0.0 0.0 0.0
0.0 0.0 0.0
0.0 0.0 0.0
0.0 0.0 0.0
-91.0 -62.0 -17.785715
-91.0 -62.0 -27.785715
-76.0 -60.0 -25.214285
-71.0 12.0 -27.928572
127.0 8.0 -14.071428
-128.0 -27.0 -23.5
-124.0 13.0 -35.57143
-128.0 2.0 -52.92857
-85.0 15.0 -65.5
-5.0 44.0 -73.64286
10.0 -76.0 -59.57143
6.0 -128.0 -38.642857
6.0 -128.0 -18.5
-3.0 -128.0 -5.428571
9.0 -128.0 6.428571
0.0 0.0 0.0
0.0 0.0 0.0
0.0 0.0 0.0
0.0 0.0 0.0
0.0 0.0 0.0
0.0 0.0 0.0
0.0 0.0 0.0
0.0 0.0 0.0
0.0 0.0 0.0
0.0 0.0 0.0
0.0 0.0 0.0
0.0 0.0 0.0
0.0 0.0 0.0
0.0 0.0 0.0
0.0 0.0 0.0
0.0 0.0 0.0
0.0 0.0 0.0
0.0 0.0 0.0
0.0 0.0 0.0
0.0 0.0 0.0
0.0 0.0 0.0
0.0 0.0 0.0
0.0 0.0 0.0
0.0 0.0 0.0
0.0 0.0 0.0
12.0 -128.0 18.5
12.0 -128.0 29.642857
-7.0 -128.0 44.214287
-16.0 -128.0 43.714287
-97.0 85.0 37.92857
-73.0 -128.0 51.642857
-73.0 -128.0 64.85714
-44.0 -59.0 73.07143
-1.0 -63.0 81.0
-27.0 -128.0 82.07143
-43.0 46.0 66.14286
-110.0 95.0 41.92857
-128.0 -5.0 24.214285
-128.0 -57.0 9.357142
-128.0 76.0 -15.214286
0.0 0.0 0.0
0.0 0.0 0.0
0.0 0.0 0.0
0.0 0.0 0.0
0.0 0.0 0.0
0.0 0.0 0.0
0.0 0.0 0.0
0.0 0.0 0.0
0.0 0.0 0.0
0.0 0.0 0.0
0.0 0.0 0.0
0.0 0.0 0.0
0.0 0.0 0.0
0.0 0.0 0.0
0.0 0.0 0.0
0.0 0.0 0.0
0.0 0.0 0.0
0.0 0.0 0.0
0.0 0.0 0.0
0.0 0.0 0.0
0.0 0.0 0.0
0.0 0.0 0.0
0.0 0.0 0.0
0.0 0.0 0.0
0.0 0.0 0.0
-128.0 -27.0 -32.42857
-128.0 -27.0 -48.285713
-107.0 -27.0 -62.0
-28.0 18.0 -52.285713
127.0 -2.0 -47.0
-5.0 -14.0 -50.285713
-128.0 14.0 -61.5
-120.0 10.0 -75.21429
-24.0 61.0 -88.5
-15.0 15.0 -84.28571
0.0 -77.0 -64.14286
-55.0 -107.0 -51.642857
16.0 -128.0 -36.285713
-20.0 -128.0 -14.0
62.0 -128.0 6.785714
0.0 0.0 0.0
0.0 0.0 0.0
0.0 0.0 0.0
0.0 0.0 0.0
0.0 0.0 0.0
0.0 0.0 0.0
0.0 0.0 0.0
0.0 0.0 0.0
0.0 0.0 0.0
0.0 0.0 0.0
0.0 0.0 0.0
0.0 0.0 0.0
0.0 0.0 0.0
0.0 0.0 0.0
0.0 0.0 0.0
0.0 0.0 0.0
0.0 0.0 0.0
0.0 0.0 0.0
0.0 0.0 0.0
0.0 0.0 0.0
0.0 0.0 0.0
0.0 0.0 0.0
0.0 0.0 0.0
0.0 0.0 0.0
0.0 0.0 0.0
62.0 -128.0 27.571428
-28.0 -71.0 36.357143
-28.0 -71.0 42.714287
-65.0 -128.0 38.0
-92.0 -82.0 36.642857
-113.0 -128.0 47.857143
-100.0 -128.0 59.142857
-97.0 -64.0 62.857143
-21.0 -60.0 67.78571
-11.0 -35.0 64.0
-16.0 -35.0 61.642857
-15.0 26.0 48.42857
-109.0 -4.0 33.214287
-128.0 -51.0 14.142858
-128.0 81.0 -14.357142
0.0 0.0 0.0
0.0 0.0 0.0
0.0 0.0 0.0
0.0 0.0 0.0
0.0 0.0 0.0
0.0 0.0 0.0
0.0 0.0 0.0
0.0 0.0 0.0
0.0 0.0 0.0
0.0 0.0 0.0
0.0 0.0 0.0
0.0 0.0 0.0
0.0 0.0 0.0
0.0 0.0 0.0
0.0 0.0 0.0
0.0 0.0 0.0
0.0 0.0 0.0
0.0 0.0 0.0
0.0 0.0 0.0
0.0 0.0 0.0
0.0 0.0 0.0
0.0 0.0 0.0
0.0 0.0 0.0
0.0 0.0 0.0
0.0 0.0 0.0
-117.0 -113.0 -17.714285
-108.0 -125.0 -19.571428
127.0 56.0 -19.0
127.0 68.0 -14.071428
-60.0 30.0 -21.571428
-128.0 -50.0 -29.142857
-85.0 7.0 -33.357143
89.0 44.0 -32.92857
89.0 47.0 -31.642857
-19.0 -25.0 -32.57143
12.0 -52.0 -25.071428
-54.0 -116.0 -13.142858
-12.0 -128.0 0.64285713
0.0 0.0 0.0
0.0 0.0 0.0
0.0 0.0 0.0
0.0 0.0 0.0
0.0 0.0 0.0
0.0 0.0 0.0
0.0 0.0 0.0
0.0 0.0 0.0
0.0 0.0 0.0
0.0 0.0 0.0
0.0 0.0 0.0
0.0 0.0 0.0
0.0 0.0 0.0
0.0 0.0 0.0
0.0 0.0 0.0
0.0 0.0 0.0
0.0 0.0 0.0
0.0 0.0 0.0
0.0 0.0 0.0
0.0 0.0 0.0
0.0 0.0 0.0
0.0 0.0 0.0
0.0 0.0 0.0
0.0 0.0 0.0
0.0 0.0 0.0
0.0 0.0 0.0
0.0 0.0 0.0
6.0 -128.0 25.142857
6.0 -128.0 35.0
6.0 -85.0 40.285713
26.0 -90.0 43.5
29.0 -74.0 46.642857
-16.0 -128.0 61.07143
-79.0 -15.0 62.07143
-79.0 -15.0 64.07143
-94.0 -128.0 63.285713
41.0 -22.0 64.78571
-59.0 -96.0 67.0
-59.0 -96.0 65.07143
-66.0 63.0 51.42857
-128.0 66.0 29.285715
-128.0 17.0 9.357142
-128.0 -28.0 -7.357143
0.0 0.0 0.0
0.0 0.0 0.0
0.0 0.0 0.0
0.0 0.0 0.0
0.0 0.0 0.0
0.0 0.0 0.0
0.0 0.0 0.0
0.0 0.0 0.0
0.0 0.0 0.0
0.0 0.0 0.0
0.0 0.0 0.0
0.0 0.0 0.0
0.0 0.0 0.0
0.0 0.0 0.0
0.0 0.0 0.0
0.0 0.0 0.0
0.0 0.0 0.0
0.0 0.0 0.0
0.0 0.0 0.0
0.0 0.0 0.0
0.0 0.0 0.0
0.0 0.0 0.0
0.0 0.0 0.0
0.0 0.0 0.0
-37.0 -37.0 -13.857142
-128.0 -35.0 -28.785715
127.0 22.0 -28.642857
127.0 22.0 -29.142857
-105.0 -25.0 -30.285715
-128.0 -56.0 -30.857143
-76.0 -10.0 -38.0
-60.0 58.0 -50.92857
-12.0 58.0 -58.57143
44.0 28.0 -60.07143
-28.0 -84.0 -46.857143
-15.0 -119.0 -25.571428
-7.0 -128.0 -6.571429
-13.0 -128.0 8.785714
0.0 0.0 0.0
0.0 0.0 0.0
0.0 0.0 0.0
0.0 0.0 0.0
0.0 0.0 0.0
0.0 0.0 0.0
0.0 0.0 0.0
0.0 0.0 0.0
0.0 0.0 0.0
0.0 0.0 0.0
0.0 0.0 0.0
0.0 0.0 0.0
0.0 0.0 0.0
0.0 0.0 0.0
0.0 0.0 0.0
0.0 0.0 0.0
0.0 0.0 0.0
0.0 0.0 0.0
0.0 0.0 0.0
0.0 0.0 0.0
0.0 0.0 0.0
0.0 0.0 0.0
0.0 0.0 0.0
0.0 0.0 0.0
0.0 0.0 0.0
0.0 0.0 0.0
-3.0 -80.0 14.285714
-10.0 -84.0 26.214285
-10.0 -84.0 24.0
-5.0 -103.0 23.5
-14.0 -128.0 37.357143
-12.0 51.0 38.0
-17.0 51.0 37.857143
-46.0 -128.0 52.142857
39.0 -5.0 60.285713
-9.0 -128.0 67.64286
-38.0 -128.0 70.07143
-122.0 18.0 52.642857
-128.0 38.0 32.142857
-128.0 17.0 13.571428
-128.0 -45.0 2.142857
-128.0 48.0 -15.714286
0.0 0.0 0.0
0.0 0.0 0.0
0.0 0.0 0.0
0.0 0.0 0.0
0.0 0.0 0.0
0.0 0.0 0.0
0.0 0.0 0.0
0.0 0.0 0.0
0.0 0.0 0.0
0.0 0.0 0.0
0.0 0.0 0.0
0.0 0.0 0.0
0.0 0.0 0.0
0.0 0.0 0.0
0.0 0.0 0.0
0.0 0.0 0.0
0.0 0.0 0.0
0.0 0.0 0.0
0.0 0.0 0.0
0.0 0.0 0.0
0.0 0.0 0.0
0.0 0.0 0.0
0.0 0.0 0.0
0.0 0.0 0.0
-128.0 -5.0 -29.785715
-128.0 -5.0 -45.57143
61.0 30.0 -51.5
-128.0 16.0 -57.285713
-128.0 -8.0 -61.0
-128.0 -60.0 -71.71429
-35.0 -17.0 -76.14286
34.0 38.0 -84.92857
52.0 25.0 -89.42857
-4.0 -29.0 -77.64286
-4.0 -88.0 -59.785713
-90.0 -116.0 -47.57143
26.0 -128.0 -30.642857
26.0 -128.0 -7.071429
19.0 -127.0 12.142858
0.0 0.0 0.0
0.0 0.0 0.0
0.0 0.0 0.0
0.0 0.0 0.0
0.0 0.0 0.0
0.0 0.0 0.0
0.0 0.0 0.0
0.0 0.0 0.0
0.0 0.0 0.0
0.0 0.0 0.0
0.0 0.0 0.0
0.0 0.0 0.0
0.0 0.0 0.0
0.0 0.0 0.0
0.0 0.0 0.0
0.0 0.0 0.0
0.0 0.0 0.0
0.0 0.0 0.0
0.0 0.0 0.0
0.0 0.0 0.0
0.0 0.0 0.0
0.0 0.0 0.0
0.0 0.0 0.0
0.0 0.0 0.0
0.0 0.0 0.0
-2.0 -128.0 29.928572
-8.0 -128.0 36.285713
-8.0 -128.0 55.142857
-8.0 -128.0 72.28571
-55.0 107.0 65.57143
-57.0 -113.0 70.85714
-83.0 -86.0 71.35714
-51.0 -33.0 68.14286
-51.0 -50.0 66.28571
-64.0 -65.0 60.357143
-76.0 -43.0 56.142857
-91.0 10.0 37.92857
-124.0 10.0 17.357143
-128.0 2.0 -2.357143
0.0 0.0 0.0
0.0 0.0 0.0
0.0 0.0 0.0
0.0 0.0 0.0
0.0 0.0 0.0
0.0 0.0 0.0
0.0 0.0 0.0
0.0 0.0 0.0
0.0 0.0 0.0
0.0 0.0 0.0
0.0 0.0 0.0
0.0 0.0 0.0
0.0 0.0 0.0
0.0 0.0 0.0
0.0 0.0 0.0
0.0 0.0 0.0
0.0 0.0 0.0
0.0 0.0 0.0
0.0 0.0 0.0
0.0 0.0 0.0
0.0 0.0 0.0
0.0 0.0 0.0
0.0 0.0 0.0
0.0 0.0 0.0
0.0 0.0 0.0
0.0 0.0 0.0
-124.0 -57.0 -16.142857
-119.0 19.0 -34.57143
-128.0 45.0 -55.5
-128.0 11.0 -74.0
-107.0 -10.0 -69.35714
-107.0 -27.0 -79.07143
-109.0 -79.0 -81.42857
-33.0 -78.0 -76.92857
-41.0 -43.0 -76.71429
-25.0 -31.0 -76.35714
11.0 -40.0 -70.35714
-6.0 -57.0 -59.5
-16.0 -93.0 -44.42857
-41.0 -128.0 -28.928572
8.0 -128.0 -14.428572
6.0 -78.0 1.4285715
0.0 0.0 0.0
0.0 0.0 0.0
0.0 0.0 0.0
0.0 0.0 0.0
0.0 0.0 0.0
0.0 0.0 0.0
0.0 0.0 0.0
0.0 0.0 0.0
0.0 0.0 0.0
0.0 0.0 0.0
0.0 0.0 0.0
0.0 0.0 0.0
0.0 0.0 0.0
0.0 0.0 0.0
0.0 0.0 0.0
0.0 0.0 0.0
0.0 0.0 0.0
0.0 0.0 0.0
0.0 0.0 0.0
0.0 0.0 0.0
0.0 0.0 0.0
0.0 0.0 0.0
0.0 0.0 0.0
0.0 0.0 0.0
30.0 -128.0 25.071428
30.0 -128.0 46.285713
-2.0 -128.0 62.214287
-27.0 -8.0 66.57143
-45.0 -31.0 67.71429
-59.0 -128.0 69.42857
-69.0 -127.0 73.42857
-64.0 -21.0 69.92857
-34.0 -85.0 69.92857
-34.0 -101.0 71.07143
-46.0 -33.0 64.64286
-54.0 -14.0 55.57143
-83.0 -21.0 41.42857
-83.0 -21.0 31.0
-128.0 18.0 9.285714
-110.0 19.0 -11.214286
0.0 0.0 0.0
0.0 0.0 0.0
0.0 0.0 0.0
0.0 0.0 0.0
0.0 0.0 0.0
0.0 0.0 0.0
0.0 0.0 0.0
0.0 0.0 0.0
0.0 0.0 0.0
0.0 0.0 0.0
0.0 0.0 0.0
0.0 0.0 0.0
0.0 0.0 0.0
0.0 0.0 0.0
0.0 0.0 0.0
0.0 0.0 0.0
0.0 0.0 0.0
0.0 0.0 0.0
0.0 0.0 0.0
0.0 0.0 0.0
0.0 0.0 0.0
0.0 0.0 0.0
0.0 0.0 0.0
0.0 0.0 0.0
-128.0 9.0 -30.0
-128.0 9.0 -38.42857
-109.0 -34.0 -42.785713
33.0 4.0 -45.642857
-77.0 -6.0 -54.857143
-75.0 -40.0 -54.285713
-61.0 -56.0 -58.285713
-39.0 -36.0 -63.285713
-39.0 -43.0 -62.07143
-26.0 -40.0 -58.214287
-26.0 -40.0 -52.785713
-23.0 -57.0 -45.92857
-24.0 -53.0 -33.42857
-10.0 -128.0 -15.785714
-10.0 -128.0 2.4285715
0.0 0.0 0.0
0.0 0.0 0.0
0.0 0.0 0.0
0.0 0.0 0.0
0.0 0.0 0.0
0.0 0.0 0.0
0.0 0.0 0.0
0.0 0.0 0.0
0.0 0.0 0.0
0.0 0.0 0.0
0.0 0.0 0.0
0.0 0.0 0.0
0.0 0.0 0.0
0.0 0.0 0.0
0.0 0.0 0.0
0.0 0.0 0.0
0.0 0.0 0.0
0.0 0.0 0.0
0.0 0.0 0.0
0.0 0.0 0.0
0.0 0.0 0.0
0.0 0.0 0.0
0.0 0.0 0.0
0.0 0.0 0.0
0.0 0.0 0.0
-58.0 -19.0 -12.0
-61.0 -23.0 -15.714286
-94.0 -30.0 -20.928572
-50.0 -45.0 -21.785715
-50.0 -55.0 -22.357143
-17.0 -85.0 -18.571428
15.0 -88.0 -12.285714
11.0 -97.0 -4.285714
11.0 -97.0 3.5
-12.0 -100.0 11.071428
-9.0 -7.0 14.642858
-30.0 -7.0 16.357143
-30.0 -48.0 19.928572
-47.0 -67.0 24.785715
-74.0 -39.0 25.071428
-72.0 -84.0 28.642857
-72.0 -84.0 34.07143
-38.0 -68.0 36.57143
-7.0 -91.0 42.214287
-16.0 -20.0 37.642857
-16.0 -20.0 30.571428
-11.0 26.0 20.214285
-6.0 15.0 11.0
-128.0 33.0 -6.785714
0.0 0.0 0.0
0.0 0.0 0.0
0.0 0.0 0.0
0.0 0.0 0.0
0.0 0.0 0.0
0.0 0.0 0.0
0.0 0.0 0.0
0.0 0.0 0.0
0.0 0.0 0.0
0.0 0.0 0.0
0.0 0.0 0.0
0.0 0.0 0.0
0.0 0.0 0.0
0.0 0.0 0.0
0.0 0.0 0.0
0.0 0.0 0.0
-128.0 -49.0 -12.285714
-106.0 -34.0 -15.785714
-106.0 -13.0 -23.714285
-66.0 2.0 -30.0
-96.0 -36.0 -31.785715
44.0 -33.0 -27.142857
-73.0 -55.0 -29.285715
-92.0 -61.0 -33.642857
-121.0 -49.0 -44.785713
-84.0 13.0 -52.0
-50.0 4.0 -56.142857
-50.0 -2.0 -56.92857
42.0 -28.0 -50.42857
15.0 -64.0 -33.285713
2.0 -83.0 -21.571428
11.0 -78.0 -10.071428
0.0 -128.0 5.714286
0.0 0.0 0.0
0.0 0.0 0.0
0.0 0.0 0.0
0.0 0.0 0.0
0.0 0.0 0.0
0.0 0.0 0.0
0.0 0.0 0.0
0.0 0.0 0.0
0.0 0.0 0.0
0.0 0.0 0.0
0.0 0.0 0.0
0.0 0.0 0.0
0.0 0.0 0.0
0.0 0.0 0.0
0.0 0.0 0.0
0.0 0.0 0.0
0.0 0.0 0.0
0.0 0.0 0.0
0.0 0.0 0.0
0.0 0.0 0.0
0.0 0.0 0.0
0.0 0.0 0.0
0.0 0.0 0.0
-1.0 -77.0 16.0
-1.0 -77.0 25.714285
-1.0 -58.0 24.285715
-1.0 -58.0 29.642857
-14.0 -128.0 40.0
-21.0 127.0 34.57143
-89.0 -128.0 44.285713
-98.0 6.0 40.714287
-104.0 -43.0 39.785713
-37.0 -91.0 38.642857
2.0 -94.0 39.857143
-44.0 -40.0 33.5
-47.0 -21.0 25.285715
-52.0 46.0 9.142858
-94.0 0.0 -3.0
0.0 0.0 0.0
0.0 0.0 0.0
0.0 0.0 0.0
0.0 0.0 0.0
0.0 0.0 0.0
0.0 0.0 0.0
0.0 0.0 0.0
0.0 0.0 0.0
0.0 0.0 0.0
0.0 0.0 0.0
0.0 0.0 0.0
0.0 0.0 0.0
0.0 0.0 0.0
0.0 0.0 0.0
0.0 0.0 0.0
0.0 0.0 0.0
0.0 0.0 0.0
0.0 0.0 0.0
0.0 0.0 0.0
0.0 0.0 0.0
0.0 0.0 0.0
0.0 0.0 0.0
0.0 0.0 0.0
0.0 0.0 0.0
0.0 0.0 0.0
-122.0 -44.0 -14.0
-122.0 5.0 -27.142857
-124.0 28.0 -42.07143
-124.0 28.0 -61.07143
-128.0 -26.0 -57.785713
-128.0 0.0 -69.71429
34.0 3.0 -60.07143
-123.0 -35.0 -62.0
-128.0 -35.0 -72.5
-74.0 -53.0 -80.85714
-86.0 -28.0 -84.71429
-12.0 -5.0 -83.35714
-12.0 -13.0 -76.28571
29.0 -42.0 -64.5
6.0 -53.0 -54.714287
7.0 -105.0 -37.642857
13.0 -116.0 -17.571428
-2.0 -128.0 2.2857144
0.0 0.0 0.0
0.0 0.0 0.0
0.0 0.0 0.0
0.0 0.0 0.0
0.0 0.0 0.0
0.0 0.0 0.0
0.0 0.0 0.0
0.0 0.0 0.0
0.0 0.0 0.0
0.0 0.0 0.0
0.0 0.0 0.0
0.0 0.0 0.0
0.0 0.0 0.0
0.0 0.0 0.0
0.0 0.0 0.0
0.0 0.0 0.0
0.0 0.0 0.0
0.0 0.0 0.0
0.0 0.0 0.0
0.0 0.0 0.0
0.0 0.0 0.0
0.0 0.0 0.0
16.0 -128.0 19.857143
-4.0 -64.0 33.285713
-14.0 -22.0 31.642857
-14.0 -22.0 38.5
-21.0 -128.0 52.785713
-65.0 17.0 48.42857
-69.0 -128.0 56.785713
-69.0 -94.0 59.07143
-44.0 -38.0 58.57143
-44.0 -38.0 53.07143
4.0 -102.0 56.42857
-9.0 3.0 47.57143
-9.0 3.0 37.5
-5.0 9.0 27.5
-50.0 -44.0 16.785715
-128.0 -108.0 11.071428
-128.0 5.0 1.0
-128.0 5.0 -9.071428
0.0 0.0 0.0
0.0 0.0 0.0
0.0 0.0 0.0
0.0 0.0 0.0
0.0 0.0 0.0
0.0 0.0 0.0
0.0 0.0 0.0
0.0 0.0 0.0
0.0 0.0 0.0
0.0 0.0 0.0
0.0 0.0 0.0
0.0 0.0 0.0
0.0 0.0 0.0
0.0 0.0 0.0
0.0 0.0 0.0
0.0 0.0 0.0
0.0 0.0 0.0
0.0 0.0 0.0
0.0 0.0 0.0
0.0 0.0 0.0
0.0 0.0 0.0
0.0 0.0 0.0
-120.0 -22.0 -23.714285
-120.0 -20.0 -25.0
-128.0 12.0 -39.214287
56.0 -21.0 -35.5
-128.0 -23.0 -42.57143
-128.0 -30.0 -49.142857
-88.0 -8.0 -62.42857
-75.0 38.0 -69.64286
-40.0 11.0 -72.42857
56.0 -91.0 -60.92857
22.0 -91.0 -52.42857
22.0 -71.0 -44.357143
-20.0 -76.0 -30.857143
-18.0 -128.0 -13.5
-18.0 -128.0 1.3571428
0.0 0.0 0.0
0.0 0.0 0.0
0.0 0.0 0.0
0.0 0.0 0.0
0.0 0.0 0.0
0.0 0.0 0.0
0.0 0.0 0.0
0.0 0.0 0.0
0.0 0.0 0.0
0.0 0.0 0.0
0.0 0.0 0.0
0.0 0.0 0.0
0.0 0.0 0.0
0.0 0.0 0.0
0.0 0.0 0.0
0.0 0.0 0.0
0.0 0.0 0.0
0.0 0.0 0.0
0.0 0.0 0.0
0.0 0.0 0.0
0.0 0.0 0.0
0.0 0.0 0.0
0.0 0.0 0.0
0.0 0.0 0.0
0.0 0.0 0.0
-5.0 -93.0 14.785714
-5.0 -84.0 30.428572
14.0 -33.0 28.285715
2.0 -128.0 45.07143
-31.0 65.0 45.214287
-32.0 -128.0 57.785713
-32.0 -128.0 72.71429
-81.0 -41.0 73.5
-45.0 -46.0 63.07143
6.0 -74.0 60.714287
6.0 -74.0 59.785713
-15.0 3.0 54.5
-30.0 15.0 43.42857
-48.0 32.0 29.857143
-94.0 10.0 16.142857
-128.0 -52.0 5.071429
-128.0 -60.0 -3.142857
0.0 0.0 0.0
0.0 0.0 0.0
0.0 0.0 0.0
0.0 0.0 0.0
0.0 0.0 0.0
0.0 0.0 0.0
0.0 0.0 0.0
0.0 0.0 0.0
0.0 0.0 0.0
0.0 0.0 0.0
0.0 0.0 0.0
0.0 0.0 0.0
0.0 0.0 0.0
0.0 0.0 0.0
0.0 0.0 0.0
0.0 0.0 0.0
0.0 0.0 0.0
0.0 0.0 0.0
0.0 0.0 0.0
0.0 0.0 0.0
0.0 0.0 0.0
0.0 0.0 0.0
0.0 0.0 0.0
-37.0 -41.0 -12.142858
-24.0 -41.0 -4.071429
-128.0 7.0 -20.571428
-128.0 7.0 -37.07143
-128.0 -41.0 -40.42857
-115.0 -16.0 -47.57143
-84.0 -8.0 -58.714287
-79.0 1.0 -70.14286
-79.0 9.0 -75.14286
-70.0 41.0 -79.85714
53.0 -61.0 -66.0
-39.0 -44.0 -58.214287
-36.0 -44.0 -52.214287
-63.0 -110.0 -44.0
-9.0 -128.0 -35.785713
-9.0 -128.0 -28.5
5.0 -128.0 -9.357142
-6.0 -121.0 8.5
0.0 0.0 0.0
0.0 0.0 0.0
0.0 0.0 0.0
0.0 0.0 0.0
0.0 0.0 0.0
0.0 0.0 0.0
0.0 0.0 0.0
0.0 0.0 0.0
0.0 0.0 0.0
0.0 0.0 0.0
0.0 0.0 0.0
0.0 0.0 0.0
0.0 0.0 0.0
0.0 0.0 0.0
0.0 0.0 0.0
0.0 0.0 0.0
0.0 0.0 0.0
0.0 0.0 0.0
0.0 0.0 0.0
0.0 0.0 0.0
0.0 0.0 0.0
0.0 0.0 0.0
-29.0 -58.0 16.785715
-47.0 -83.0 26.428572
-60.0 112.0 19.571428
-69.0 9.0 19.714285
-68.0 -32.0 23.428572
10.0 -69.0 37.0
10.0 -69.0 34.5
25.0 -122.0 44.642857
-19.0 -34.0 45.142857
-38.0 21.0 37.57143
-38.0 24.0 24.642857
-52.0 23.0 10.785714
-81.0 2.0 -4.642857
0.0 0.0 0.0
0.0 0.0 0.0
0.0 0.0 0.0
0.0 0.0 0.0
0.0 0.0 0.0
0.0 0.0 0.0
0.0 0.0 0.0
0.0 0.0 0.0
0.0 0.0 0.0
0.0 0.0 0.0
0.0 0.0 0.0
0.0 0.0 0.0
0.0 0.0 0.0
0.0 0.0 0.0
0.0 0.0 0.0
0.0 0.0 0.0
0.0 0.0 0.0
0.0 0.0 0.0
0.0 0.0 0.0
0.0 0.0 0.0
0.0 0.0 0.0
0.0 0.0 0.0
0.0 0.0 0.0
0.0 0.0 0.0
0.0 0.0 0.0
0.0 0.0 0.0
0.0 0.0 0.0
-128.0 30.0 -24.142857
-128.0 30.0 -37.5
-84.0 -40.0 -43.214287
-84.0 -40.0 -34.07143
-128.0 -21.0 -36.142857
-128.0 -51.0 -39.07143
-128.0 -53.0 -50.07143
-48.0 38.0 -61.857143
-48.0 38.0 -78.5
-88.0 28.0 -87.85714
18.0 -2.0 -82.21429
54.0 -2.0 -73.78571
60.0 -19.0 -62.785713
-4.0 -79.0 -51.5
-71.0 -93.0 -38.642857
-21.0 -128.0 -19.714285
-21.0 -128.0 -8.928572
-5.0 -67.0 -1.3571428
12.0 -97.0 14.071428
0.0 0.0 0.0
0.0 0.0 0.0
0.0 0.0 0.0
0.0 0.0 0.0
0.0 0.0 0.0
0.0 0.0 0.0
0.0 0.0 0.0
0.0 0.0 0.0
0.0 0.0 0.0
0.0 0.0 0.0
0.0 0.0 0.0
0.0 0.0 0.0
0.0 0.0 0.0
0.0 0.0 0.0
0.0 0.0 0.0
0.0 0.0 0.0
0.0 0.0 0.0
0.0 0.0 0.0
0.0 0.0 0.0
0.0 0.0 0.0
0.0 0.0 0.0
-93.0 -128.0 22.071428
-105.0 -128.0 29.071428
-113.0 -128.0 36.285713
-113.0 -128.0 43.5
-113.0 -128.0 52.857143
-77.0 19.0 44.57143
-77.0 19.0 33.714287
-3.0 -128.0 37.0
-77.0 -56.0 30.142857
-77.0 -56.0 27.071428
-78.0 -43.0 16.928572
-83.0 68.0 -1.5
0.0 0.0 0.0
0.0 0.0 0.0
0.0 0.0 0.0
0.0 0.0 0.0
0.0 0.0 0.0
0.0 0.0 0.0
0.0 0.0 0.0
0.0 0.0 0.0
0.0 0.0 0.0
0.0 0.0 0.0
0.0 0.0 0.0
0.0 0.0 0.0
0.0 0.0 0.0
0.0 0.0 0.0
0.0 0.0 0.0
0.0 0.0 0.0
0.0 0.0 0.0
0.0 0.0 0.0
0.0 0.0 0.0
0.0 0.0 0.0
0.0 0.0 0.0
0.0 0.0 0.0
0.0 0.0 0.0
0.0 0.0 0.0
0.0 0.0 0.0
0.0 0.0 0.0
0.0 0.0 0.0
0.0 0.0 0.0
-128.0 4.0 -15.357142
-128.0 4.0 -32.57143
-128.0 -6.0 -43.785713
-128.0 -6.0 -54.142857
-78.0 -10.0 -60.07143
-43.0 -20.0 -62.785713
-44.0 -5.0 -66.64286
57.0 -29.0 -53.642857
-128.0 -57.0 -51.857143
-128.0 -19.0 -68.57143
-72.0 47.0 -75.57143
-80.0 42.0 -82.78571
-69.0 5.0 -85.57143
49.0 -6.0 -70.85714
-5.0 -23.0 -60.142857
12.0 -64.0 -45.285713
12.0 -71.0 -30.642857
-49.0 -94.0 -18.714285
27.0 -128.0 -2.7857144
22.0 -128.0 9.571428
0.0 0.0 0.0
0.0 0.0 0.0
0.0 0.0 0.0
0.0 0.0 0.0
0.0 0.0 0.0
0.0 0.0 0.0
0.0 0.0 0.0
0.0 0.0 0.0
0.0 0.0 0.0
0.0 0.0 0.0
0.0 0.0 0.0
0.0 0.0 0.0
0.0 0.0 0.0
0.0 0.0 0.0
0.0 0.0 0.0
0.0 0.0 0.0
0.0 0.0 0.0
0.0 0.0 0.0
0.0 0.0 0.0
0.0 0.0 0.0
-7.0 -118.0 20.285715
-10.0 -41.0 16.357143
-75.0 127.0 7.0
-34.0 -128.0 21.5
-47.0 -128.0 35.785713
-73.0 -128.0 48.42857
-73.0 -128.0 57.642857
-28.0 -25.0 53.5
-20.0 -49.0 54.285713
-33.0 -48.0 49.92857
-35.0 -49.0 45.0
-51.0 5.0 37.785713
-63.0 -20.0 23.642857
-63.0 -20.0 9.857142
-128.0 9.0 -7.857143
0.0 0.0 0.0
0.0 0.0 0.0
0.0 0.0 0.0
0.0 0.0 0.0
0.0 0.0 0.0
0.0 0.0 0.0
0.0 0.0 0.0
0.0 0.0 0.0
0.0 0.0 0.0
0.0 0.0 0.0
0.0 0.0 0.0
0.0 0.0 0.0
0.0 0.0 0.0
0.0 0.0 0.0
0.0 0.0 0.0
0.0 0.0 0.0
0.0 0.0 0.0
0.0 0.0 0.0
0.0 0.0 0.0
0.0 0.0 0.0
0.0 0.0 0.0
0.0 0.0 0.0
0.0 0.0 0.0
0.0 0.0 0.0
0.0 0.0 0.0
-102.0 18.0 -18.642857
-102.0 18.0 -12.785714
-100.0 -38.0 -23.928572
-100.0 -38.0 -34.142857
74.0 -13.0 -31.857143
-128.0 -25.0 -43.142857
-112.0 -61.0 -46.57143
-112.0 -61.0 -52.285713
-96.0 38.0 -62.92857
-88.0 27.0 -72.14286
62.0 6.0 -64.14286
5.0 -6.0 -60.285713
5.0 -22.0 -55.285713
-5.0 -81.0 -40.07143
11.0 -128.0 -21.571428
11.0 -128.0 -3.0714285
18.0 -128.0 11.785714
0.0 0.0 0.0
0.0 0.0 0.0
0.0 0.0 0.0
0.0 0.0 0.0
0.0 0.0 0.0
0.0 0.0 0.0
0.0 0.0 0.0
0.0 0.0 0.0
0.0 0.0 0.0
0.0 0.0 0.0
0.0 0.0 0.0
0.0 0.0 0.0
0.0 0.0 0.0
0.0 0.0 0.0
0.0 0.0 0.0
0.0 0.0 0.0
0.0 0.0 0.0
0.0 0.0 0.0
0.0 0.0 0.0
0.0 0.0 0.0
0.0 0.0 0.0
0.0 0.0 0.0
0.0 0.0 0.0
-3.0 -108.0 23.714285
-3.0 -128.0 26.428572
-10.0 -128.0 42.214287
-36.0 118.0 34.857143
-76.0 -128.0 42.214287
-76.0 -128.0 55.5
-86.0 -83.0 63.5
-28.0 -59.0 61.714287
-29.0 -47.0 62.214287
-45.0 -47.0 60.42857
-47.0 17.0 50.42857
-38.0 4.0 37.5
-52.0 -26.0 25.714285
-128.0 -40.0 9.0
-105.0 22.0 -7.571429
0.0 0.0 0.0
0.0 0.0 0.0
0.0 0.0 0.0
0.0 0.0 0.0
0.0 0.0 0.0
0.0 0.0 0.0
0.0 0.0 0.0
0.0 0.0 0.0
0.0 0.0 0.0
0.0 0.0 0.0
0.0 0.0 0.0
0.0 0.0 0.0
0.0 0.0 0.0
0.0 0.0 0.0
0.0 0.0 0.0
0.0 0.0 0.0
0.0 0.0 0.0
0.0 0.0 0.0
0.0 0.0 0.0
0.0 0.0 0.0
0.0 0.0 0.0
0.0 0.0 0.0
0.0 0.0 0.0
0.0 0.0 0.0
0.0 0.0 0.0
-74.0 -28.0 -19.785715
104.0 -3.0 -20.571428
104.0 -3.0 -1.9285715
104.0 -3.0 2.0
-128.0 -53.0 -7.071429
-117.0 -47.0 -11.857142
-111.0 -61.0 -17.642857
-82.0 21.0 -26.285715
-77.0 10.0 -32.642857
-5.0 -8.0 -27.857143
31.0 -11.0 -21.857143
43.0 -18.0 -15.642858
-49.0 -50.0 -9.285714
-13.0 -58.0 3.0
0.0 0.0 0.0
0.0 0.0 0.0
0.0 0.0 0.0
0.0 0.0 0.0
0.0 0.0 0.0
0.0 0.0 0.0
0.0 0.0 0.0
0.0 0.0 0.0
0.0 0.0 0.0
0.0 0.0 0.0
0.0 0.0 0.0
0.0 0.0 0.0
0.0 0.0 0.0
0.0 0.0 0.0
0.0 0.0 0.0
0.0 0.0 0.0
0.0 0.0 0.0
0.0 0.0 0.0
0.0 0.0 0.0
0.0 0.0 0.0
0.0 0.0 0.0
0.0 0.0 0.0
0.0 0.0 0.0
0.0 0.0 0.0
0.0 0.0 0.0
0.0 0.0 0.0
24.0 -128.0 17.142857
24.0 -128.0 20.357143
24.0 -128.0 23.571428
10.0 -103.0 24.0
-5.0 -68.0 33.857143
-7.0 -121.0 47.0
-34.0 -69.0 53.07143
-34.0 -41.0 60.92857
-88.0 -107.0 68.5
-98.0 -101.0 68.5
-31.0 -35.0 65.78571
-16.0 -107.0 67.92857
-14.0 -99.0 73.92857
-48.0 -31.0 69.5
-43.0 -8.0 56.142857
-43.0 -8.0 42.785713
-72.0 16.0 25.642857
-128.0 -29.0 10.5
-119.0 11.0 -3.2857144
0.0 0.0 0.0
0.0 0.0 0.0
0.0 0.0 0.0
0.0 0.0 0.0
0.0 0.0 0.0
0.0 0.0 0.0
0.0 0.0 0.0
0.0 0.0 0.0
0.0 0.0 0.0
0.0 0.0 0.0
0.0 0.0 0.0
0.0 0.0 0.0
0.0 0.0 0.0
0.0 0.0 0.0
0.0 0.0 0.0
0.0 0.0 0.0
0.0 0.0 0.0
0.0 0.0 0.0
0.0 0.0 0.0
0.0 0.0 0.0
0.0 0.0 0.0
-76.0 -22.0 -15.285714
83.0 -8.0 -11.285714
83.0 -8.0 -5.285714
83.0 -8.0 -0.14285715
-128.0 -21.0 -8.0
-124.0 23.0 -18.785715
-67.0 19.0 -31.428572
-77.0 37.0 -45.642857
-93.0 28.0 -53.07143
-27.0 -13.0 -51.57143
38.0 -47.0 -43.0
20.0 -80.0 -29.571428
1.0 -113.0 -14.357142
1.0 -113.0 3.0714285
0.0 0.0 0.0
0.0 0.0 0.0
0.0 0.0 0.0
0.0 0.0 0.0
0.0 0.0 0.0
0.0 0.0 0.0
0.0 0.0 0.0
0.0 0.0 0.0
0.0 0.0 0.0
0.0 0.0 0.0
0.0 0.0 0.0
0.0 0.0 0.0
0.0 0.0 0.0
0.0 0.0 0.0
0.0 0.0 0.0
0.0 0.0 0.0
0.0 0.0 0.0
0.0 0.0 0.0
0.0 0.0 0.0
0.0 0.0 0.0
0.0 0.0 0.0
0.0 0.0 0.0
0.0 0.0 0.0
0.0 0.0 0.0
0.0 0.0 0.0
0.0 0.0 0.0
-6.0 -103.0 13.857142
-6.0 -63.0 11.428572
-6.0 -105.0 12.0
-6.0 -105.0 12.571428
-17.0 117.0 10.642858
7.0 -14.0 22.642857
-32.0 -128.0 35.642857
-32.0 -128.0 50.642857
-49.0 -74.0 61.07143
-15.0 -72.0 66.14286
-8.0 -56.0 63.5
-8.0 -56.0 59.785713
-14.0 -16.0 51.785713
-15.0 -1.0 42.642857
-26.0 -54.0 37.714287
-20.0 -54.0 36.07143
-82.0 -67.0 27.928572
-116.0 23.0 10.928572
-108.0 -30.0 14.928572
-106.0 -37.0 8.5
-128.0 -8.0 -6.928571
0.0 0.0 0.0
0.0 0.0 0.0
0.0 0.0 0.0
0.0 0.0 0.0
0.0 0.0 0.0
0.0 0.0 0.0
0.0 0.0 0.0
0.0 0.0 0.0
0.0 0.0 0.0
0.0 0.0 0.0
0.0 0.0 0.0
0.0 0.0 0.0
0.0 0.0 0.0
0.0 0.0 0.0
0.0 0.0 0.0
0.0 0.0 0.0
0.0 0.0 0.0
0.0 0.0 0.0
0.0 0.0 0.0
-115.0 -33.0 -19.642857
-128.0 -31.0 -28.357143
-126.0 -17.0 -40.214287
-66.0 -31.0 -46.142857
-81.0 7.0 -55.857143
-81.0 7.0 -62.285713
-82.0 -28.0 -65.14286
-3.0 -48.0 -63.92857
-3.0 -48.0 -63.142857
22.0 -41.0 -57.57143
-40.0 -92.0 -43.92857
-60.0 -128.0 -33.5
-14.0 -128.0 -20.428572
-14.0 -128.0 -3.7142856
-21.0 -98.0 7.642857
0.0 0.0 0.0
0.0 0.0 0.0
0.0 0.0 0.0
0.0 0.0 0.0
0.0 0.0 0.0
0.0 0.0 0.0
0.0 0.0 0.0
0.0 0.0 0.0
0.0 0.0 0.0
0.0 0.0 0.0
0.0 0.0 0.0
0.0 0.0 0.0
0.0 0.0 0.0
0.0 0.0 0.0
0.0 0.0 0.0
0.0 0.0 0.0
0.0 0.0 0.0
0.0 0.0 0.0
0.0 0.0 0.0
0.0 0.0 0.0
0.0 0.0 0.0
0.0 0.0 0.0
0.0 0.0 0.0
0.0 0.0 0.0
0.0 0.0 0.0
9.0 -59.0 19.428572
3.0 -85.0 33.5
-17.0 -128.0 43.92857
-49.0 -128.0 55.857143
-74.0 1.0 56.785713
-57.0 1.0 56.5
8.0 -74.0 59.142857
-3.0 -94.0 62.42857
-27.0 -52.0 59.714287
-28.0 -23.0 55.642857
-28.0 -23.0 50.42857
-51.0 5.0 38.285713
-55.0 11.0 25.428572
-128.0 -40.0 13.642858
-128.0 14.0 -1.3571428
0.0 0.0 0.0
0.0 0.0 0.0
0.0 0.0 0.0
0.0 0.0 0.0
0.0 0.0 0.0
0.0 0.0 0.0
0.0 0.0 0.0
0.0 0.0 0.0
0.0 0.0 0.0
0.0 0.0 0.0
0.0 0.0 0.0
0.0 0.0 0.0
0.0 0.0 0.0
0.0 0.0 0.0
0.0 0.0 0.0
0.0 0.0 0.0
0.0 0.0 0.0
0.0 0.0 0.0
0.0 0.0 0.0
0.0 0.0 0.0
0.0 0.0 0.0
0.0 0.0 0.0
0.0 0.0 0.0
0.0 0.0 0.0
0.0 0.0 0.0
-79.0 -33.0 -10.928572
-128.0 -26.0 -26.142857
-128.0 -26.0 -39.07143
-128.0 12.0 -43.714287
-128.0 12.0 -49.57143
45.0 -32.0 -49.92857
-110.0 -54.0 -60.42857
-100.0 8.0 -69.92857
-100.0 8.0 -77.28571
-41.0 -24.0 -78.14286
12.0 -45.0 -70.07143
5.0 -53.0 -61.214287
-11.0 -65.0 -51.07143
-4.0 -118.0 -32.785713
-49.0 -128.0 -23.857143
12.0 -98.0 -8.714286
12.0 -98.0 6.428571
0.0 0.0 0.0
0.0 0.0 0.0
0.0 0.0 0.0
0.0 0.0 0.0
0.0 0.0 0.0
0.0 0.0 0.0
0.0 0.0 0.0
0.0 0.0 0.0
0.0 0.0 0.0
0.0 0.0 0.0
0.0 0.0 0.0
0.0 0.0 0.0
0.0 0.0 0.0
0.0 0.0 0.0
0.0 0.0 0.0
0.0 0.0 0.0
0.0 0.0 0.0
0.0 0.0 0.0
0.0 0.0 0.0
0.0 0.0 0.0
0.0 0.0 0.0
0.0 0.0 0.0
0.0 0.0 0.0
-10.0 9.0 15.071428
-10.0 9.0 23.714285
-18.0 -128.0 26.071428
-44.0 -128.0 36.07143
-73.0 -128.0 47.714287
-73.0 -128.0 59.357143
12.0 -107.0 69.07143
21.0 -107.0 74.14286
-12.0 -84.0 75.14286
-34.0 -46.0 72.14286
-67.0 -15.0 60.285713
-78.0 -15.0 50.142857
-82.0 -2.0 36.57143
-123.0 -22.0 21.5
-128.0 -5.0 14.071428
-128.0 -14.0 7.285714
-128.0 -20.0 -8.285714
0.0 0.0 0.0
0.0 0.0 0.0
0.0 0.0 0.0
0.0 0.0 0.0
0.0 0.0 0.0
0.0 0.0 0.0
0.0 0.0 0.0
0.0 0.0 0.0
0.0 0.0 0.0
0.0 0.0 0.0
0.0 0.0 0.0
0.0 0.0 0.0
0.0 0.0 0.0
0.0 0.0 0.0
0.0 0.0 0.0
0.0 0.0 0.0
0.0 0.0 0.0
0.0 0.0 0.0
0.0 0.0 0.0
0.0 0.0 0.0
0.0 0.0 0.0
0.0 0.0 0.0
0.0 0.0 0.0
-123.0 10.0 -23.785715
-123.0 10.0 -37.214287
-128.0 7.0 -50.785713
-126.0 -67.0 -63.5
-126.0 -67.0 -76.85714
-82.0 28.0 -89.85714
-110.0 3.0 -98.78571
-6.0 -45.0 -92.28571
-14.0 -39.0 -86.0
-14.0 -43.0 -78.21429
-8.0 -63.0 -67.07143
-8.0 -79.0 -53.214287
11.0 -128.0 -35.142857
13.0 -104.0 -19.071428
2.0 -102.0 -2.142857
2.0 -128.0 16.642857
0.0 0.0 0.0
0.0 0.0 0.0
0.0 0.0 0.0
0.0 0.0 0.0
0.0 0.0 0.0
0.0 0.0 0.0
0.0 0.0 0.0
0.0 0.0 0.0
0.0 0.0 0.0
0.0 0.0 0.0
0.0 0.0 0.0
0.0 0.0 0.0
0.0 0.0 0.0
0.0 0.0 0.0
0.0 0.0 0.0
0.0 0.0 0.0
0.0 0.0 0.0
0.0 0.0 0.0
0.0 0.0 0.0
0.0 0.0 0.0
0.0 0.0 0.0
0.0 0.0 0.0
0.0 0.0 0.0
0.0 0.0 0.0
-35.0 -128.0 32.92857
-8.0 -128.0 45.714287
-33.0 -103.0 54.92857
-80.0 -128.0 66.21429
-80.0 -128.0 77.71429
-41.0 29.0 69.92857
1.0 -123.0 77.0
-34.0 -44.0 75.64286
-34.0 -44.0 72.42857
-21.0 -48.0 69.28571
-61.0 10.0 54.285713
-111.0 -2.0 38.142857
-128.0 20.0 20.142857
-126.0 -6.0 2.2857144
-121.0 45.0 -16.214285
0.0 0.0 0.0
0.0 0.0 0.0
0.0 0.0 0.0
0.0 0.0 0.0
0.0 0.0 0.0
0.0 0.0 0.0
0.0 0.0 0.0
0.0 0.0 0.0
0.0 0.0 0.0
0.0 0.0 0.0
0.0 0.0 0.0
0.0 0.0 0.0
0.0 0.0 0.0
0.0 0.0 0.0
0.0 0.0 0.0
0.0 0.0 0.0
0.0 0.0 0.0
0.0 0.0 0.0
0.0 0.0 0.0
0.0 0.0 0.0
0.0 0.0 0.0
0.0 0.0 0.0
0.0 0.0 0.0
0.0 0.0 0.0
0.0 0.0 0.0
127.0 -3.0 -15.5
127.0 -3.0 -11.214286
-128.0 -13.0 -22.857143
-128.0 -13.0 -34.5
-128.0 -30.0 -36.5
-42.0 -72.0 -43.214287
-65.0 -36.0 -46.0
-65.0 -36.0 -48.785713
-105.0 -10.0 -57.5
-8.0 -36.0 -50.42857
12.0 -29.0 -39.714287
-10.0 -87.0 -23.642857
-54.0 -87.0 -12.714286
-26.0 -128.0 6.428571
0.0 0.0 0.0
0.0 0.0 0.0
0.0 0.0 0.0
0.0 0.0 0.0
0.0 0.0 0.0
0.0 0.0 0.0
0.0 0.0 0.0
0.0 0.0 0.0
0.0 0.0 0.0
0.0 0.0 0.0
0.0 0.0 0.0
0.0 0.0 0.0
0.0 0.0 0.0
0.0 0.0 0.0
0.0 0.0 0.0
0.0 0.0 0.0
0.0 0.0 0.0
0.0 0.0 0.0
0.0 0.0 0.0
0.0 0.0 0.0
0.0 0.0 0.0
0.0 0.0 0.0
0.0 0.0 0.0
0.0 0.0 0.0
0.0 0.0 0.0
0.0 0.0 0.0
6.0 -94.0 17.928572
8.0 -57.0 30.785715
-12.0 11.0 36.142857
-34.0 -40.0 34.42857
-34.0 -40.0 36.92857
-48.0 -128.0 44.714287
-40.0 36.0 46.07143
-17.0 -100.0 50.0
-22.0 -100.0 52.642857
-34.0 -57.0 48.785713
-47.0 -53.0 46.857143
-39.0 -44.0 39.92857
-39.0 3.0 29.571428
-25.0 27.0 18.5
-109.0 -72.0 8.714286
-115.0 4.0 -4.428571
0.0 0.0 0.0
0.0 0.0 0.0
0.0 0.0 0.0
0.0 0.0 0.0
0.0 0.0 0.0
0.0 0.0 0.0
0.0 0.0 0.0
0.0 0.0 0.0
0.0 0.0 0.0
0.0 0.0 0.0
0.0 0.0 0.0
0.0 0.0 0.0
0.0 0.0 0.0
0.0 0.0 0.0
0.0 0.0 0.0
0.0 0.0 0.0
0.0 0.0 0.0
0.0 0.0 0.0
0.0 0.0 0.0
0.0 0.0 0.0
0.0 0.0 0.0
0.0 0.0 0.0
0.0 0.0 0.0
0.0 0.0 0.0
-49.0 -8.0 -12.571428
-46.0 -11.0 -15.0
-77.0 -16.0 -19.071428
-77.0 -16.0 -23.428572
-68.0 -10.0 -27.214285
-49.0 -13.0 -29.5
3.0 -67.0 -24.285715
21.0 -75.0 -17.642857
17.0 -107.0 -9.642858
-11.0 -114.0 -2.7857144
25.0 -114.0 8.928572
-11.0 -33.0 10.571428
-29.0 82.0 6.928571
-20.0 -78.0 14.928572
-105.0 -73.0 15.571428
-93.0 -52.0 15.142858
-72.0 -31.0 16.571428
-4.0 -68.0 25.5
50.0 -60.0 37.5
33.0 -78.0 48.0
33.0 -78.0 50.92857
32.0 -7.0 46.857143
15.0 59.0 34.857143
-110.0 61.0 15.285714
-110.0 61.0 -6.857143
0.0 0.0 0.0
0.0 0.0 0.0
0.0 0.0 0.0
0.0 0.0 0.0
0.0 0.0 0.0
0.0 0.0 0.0
0.0 0.0 0.0
0.0 0.0 0.0
0.0 0.0 0.0
0.0 0.0 0.0
0.0 0.0 0.0
0.0 0.0 0.0
0.0 0.0 0.0
0.0 0.0 0.0
0.0 0.0 0.0
-115.0 27.0 -18.571428
-115.0 27.0 -20.785715
-114.0 4.0 -33.357143
-114.0 4.0 -39.5
-14.0 3.0 -37.785713
-63.0 -46.0 -36.07143
-115.0 -44.0 -45.714287
-47.0 -39.0 -54.142857
-95.0 2.0 -69.0
10.0 41.0 -79.14286
7.0 -25.0 -79.64286
7.0 -25.0 -74.21429
24.0 -86.0 -54.142857
11.0 -114.0 -33.0
10.0 -114.0 -14.0
-7.0 -114.0 3.7857144
0.0 0.0 0.0
0.0 0.0 0.0
0.0 0.0 0.0
0.0 0.0 0.0
0.0 0.0 0.0
0.0 0.0 0.0
0.0 0.0 0.0
0.0 0.0 0.0
0.0 0.0 0.0
0.0 0.0 0.0
0.0 0.0 0.0
0.0 0.0 0.0
0.0 0.0 0.0
0.0 0.0 0.0
0.0 0.0 0.0
0.0 0.0 0.0
0.0 0.0 0.0
0.0 0.0 0.0
0.0 0.0 0.0
0.0 0.0 0.0
0.0 0.0 0.0
0.0 0.0 0.0
0.0 0.0 0.0
0.0 0.0 0.0
31.0 -58.0 18.571428
32.0 -53.0 33.07143
21.0 -114.0 43.92857
-12.0 -65.0 48.92857
-50.0 -114.0 58.57143
-50.0 -114.0 63.714287
-7.0 -57.0 74.21429
69.0 -33.0 83.71429
23.0 -47.0 86.42857
0.0 15.0 83.07143
14.0 61.0 71.85714
-12.0 16.0 60.92857
-72.0 30.0 44.785713
-115.0 4.0 28.642857
-115.0 17.0 12.857142
-115.0 49.0 -4.928571
0.0 0.0 0.0
0.0 0.0 0.0
0.0 0.0 0.0
0.0 0.0 0.0
0.0 0.0 0.0
0.0 0.0 0.0
0.0 0.0 0.0
0.0 0.0 0.0
0.0 0.0 0.0
0.0 0.0 0.0
0.0 0.0 0.0
0.0 0.0 0.0
0.0 0.0 0.0
0.0 0.0 0.0
0.0 0.0 0.0
0.0 0.0 0.0
0.0 0.0 0.0
0.0 0.0 0.0
0.0 0.0 0.0
0.0 0.0 0.0
0.0 0.0 0.0
0.0 0.0 0.0
0.0 0.0 0.0
0.0 0.0 0.0
-23.0 17.0 -17.428572
-115.0 33.0 -31.785715
-115.0 33.0 -46.92857
-115.0 -48.0 -56.285713
-99.0 -9.0 -66.28571
-57.0 56.0 -81.64286
-109.0 49.0 -97.92857
-38.0 25.0 -101.35714
62.0 -27.0 -91.64286
-77.0 -100.0 -88.0
-77.0 -95.0 -79.42857
-63.0 -101.0 -68.21429
20.0 -114.0 -49.214287
36.0 -114.0 -26.785715
32.0 -114.0 -13.5
6.0 -94.0 4.214286
0.0 0.0 0.0
0.0 0.0 0.0
0.0 0.0 0.0
0.0 0.0 0.0
0.0 0.0 0.0
0.0 0.0 0.0
0.0 0.0 0.0
0.0 0.0 0.0
0.0 0.0 0.0
0.0 0.0 0.0
0.0 0.0 0.0
0.0 0.0 0.0
0.0 0.0 0.0
0.0 0.0 0.0
0.0 0.0 0.0
0.0 0.0 0.0
0.0 0.0 0.0
0.0 0.0 0.0
0.0 0.0 0.0
0.0 0.0 0.0
0.0 0.0 0.0
0.0 0.0 0.0
0.0 0.0 0.0
0.0 0.0 0.0
9.0 -84.0 21.428572
-8.0 94.0 18.928572
-14.0 -114.0 32.5
-76.0 -20.0 36.57143
40.0 -114.0 58.857143
29.0 -114.0 73.57143
-3.0 10.0 66.28571
33.0 38.0 64.28571
33.0 38.0 62.642857
-10.0 -7.0 59.714287
-85.0 5.0 43.714287
-115.0 3.0 24.571428
-115.0 80.0 0.21428572
-115.0 -34.0 -12.714286
0.0 0.0 0.0
0.0 0.0 0.0
0.0 0.0 0.0
0.0 0.0 0.0
0.0 0.0 0.0
0.0 0.0 0.0
0.0 0.0 0.0
0.0 0.0 0.0
0.0 0.0 0.0
0.0 0.0 0.0
0.0 0.0 0.0
0.0 0.0 0.0
0.0 0.0 0.0
0.0 0.0 0.0
0.0 0.0 0.0
0.0 0.0 0.0
0.0 0.0 0.0
0.0 0.0 0.0
0.0 0.0 0.0
0.0 0.0 0.0
0.0 0.0 0.0
0.0 0.0 0.0
0.0 0.0 0.0
0.0 0.0 0.0
0.0 0.0 0.0
0.0 0.0 0.0
140.0 53.0 -13.142858
-115.0 -22.0 -12.5
-115.0 -28.0 -25.857143
-115.0 17.0 -31.285715
-110.0 41.0 -53.07143
-110.0 41.0 -74.07143
-76.0 52.0 -82.28571
40.0 -23.0 -77.42857
-18.0 -101.0 -71.14286
-18.0 -101.0 -65.0
-30.0 -58.0 -56.57143
3.0 -95.0 -41.142857
13.0 -114.0 -18.142857
13.0 -114.0 -3.2857144
11.0 -114.0 -0.5714286
16.0 -94.0 13.928572
0.0 0.0 0.0
0.0 0.0 0.0
0.0 0.0 0.0
0.0 0.0 0.0
0.0 0.0 0.0
0.0 0.0 0.0
0.0 0.0 0.0
0.0 0.0 0.0
0.0 0.0 0.0
0.0 0.0 0.0
0.0 0.0 0.0
0.0 0.0 0.0
0.0 0.0 0.0
0.0 0.0 0.0
0.0 0.0 0.0
0.0 0.0 0.0
0.0 0.0 0.0
0.0 0.0 0.0
0.0 0.0 0.0
0.0 0.0 0.0
0.0 0.0 0.0
0.0 0.0 0.0
0.0 0.0 0.0
0.0 0.0 0.0
13.0 -114.0 29.214285
13.0 -114.0 47.714287
14.0 -114.0 67.64286
-71.0 -114.0 81.5
-91.0 -88.0 90.42857
23.0 -114.0 95.71429
-44.0 -114.0 94.78571
-57.0 -42.0 87.78571
-57.0 -41.0 84.64286
-55.0 35.0 71.21429
-115.0 17.0 52.714287
-115.0 17.0 34.214287
-115.0 10.0 16.357143
-92.0 33.0 -0.42857143
0.0 0.0 0.0
0.0 0.0 0.0
0.0 0.0 0.0
0.0 0.0 0.0
0.0 0.0 0.0
0.0 0.0 0.0
0.0 0.0 0.0
0.0 0.0 0.0
0.0 0.0 0.0
0.0 0.0 0.0
0.0 0.0 0.0
0.0 0.0 0.0
0.0 0.0 0.0
0.0 0.0 0.0
0.0 0.0 0.0
0.0 0.0 0.0
0.0 0.0 0.0
0.0 0.0 0.0
0.0 0.0 0.0
0.0 0.0 0.0
0.0 0.0 0.0
0.0 0.0 0.0
0.0 0.0 0.0
0.0 0.0 0.0
0.0 0.0 0.0
0.0 0.0 0.0
6.0 19.0 -10.428572
140.0 25.0 -11.285714
140.0 25.0 -12.214286
140.0 4.0 -5.571429
-115.0 5.0 -13.928572
-115.0 -20.0 -30.5
-68.0 4.0 -40.642857
-70.0 19.0 -45.92857
-52.0 26.0 -50.357143
42.0 -31.0 -38.714287
-48.0 -44.0 -29.571428
-82.0 -84.0 -20.0
8.0 -114.0 -2.357143
25.0 -114.0 16.5
0.0 0.0 0.0
0.0 0.0 0.0
0.0 0.0 0.0
0.0 0.0 0.0
0.0 0.0 0.0
0.0 0.0 0.0
0.0 0.0 0.0
0.0 0.0 0.0
0.0 0.0 0.0
0.0 0.0 0.0
0.0 0.0 0.0
0.0 0.0 0.0
0.0 0.0 0.0
0.0 0.0 0.0
0.0 0.0 0.0
0.0 0.0 0.0
0.0 0.0 0.0
0.0 0.0 0.0
0.0 0.0 0.0
0.0 0.0 0.0
0.0 0.0 0.0
0.0 0.0 0.0
0.0 0.0 0.0
0.0 0.0 0.0
0.0 0.0 0.0
0.0 0.0 0.0
7.0 -96.0 24.785715
7.0 -94.0 23.785715
0.0 -76.0 21.0
9.0 -114.0 20.071428
-19.0 -73.0 32.5
-32.0 -101.0 44.214287
-61.0 -114.0 53.142857
26.0 -21.0 62.857143
26.0 -97.0 77.21429
-9.0 -17.0 72.57143
-27.0 47.0 67.57143
-40.0 10.0 63.857143
-40.0 10.0 51.57143
-74.0 52.0 32.642857
-115.0 61.0 12.714286
-115.0 -37.0 -0.071428575
0.0 0.0 0.0
0.0 0.0 0.0
0.0 0.0 0.0
0.0 0.0 0.0
0.0 0.0 0.0
0.0 0.0 0.0
0.0 0.0 0.0
0.0 0.0 0.0
0.0 0.0 0.0
0.0 0.0 0.0
0.0 0.0 0.0
0.0 0.0 0.0
0.0 0.0 0.0
0.0 0.0 0.0
0.0 0.0 0.0
0.0 0.0 0.0
0.0 0.0 0.0
0.0 0.0 0.0
0.0 0.0 0.0
0.0 0.0 0.0
0.0 0.0 0.0
0.0 0.0 0.0
0.0 0.0 0.0
0.0 0.0 0.0
-115.0 -1.0 -20.571428
-115.0 -1.0 -32.57143
-115.0 -15.0 -44.642857
-14.0 29.0 -51.5
-14.0 -2.0 -55.714287
-49.0 38.0 -70.71429
32.0 15.0 -70.07143
78.0 -10.0 -58.5
-9.0 -22.0 -54.0
-54.0 -112.0 -46.285713
15.0 -114.0 -28.071428
24.0 -114.0 -5.642857
24.0 -114.0 9.785714
0.0 0.0 0.0
0.0 0.0 0.0
0.0 0.0 0.0
0.0 0.0 0.0
0.0 0.0 0.0
0.0 0.0 0.0
0.0 0.0 0.0
0.0 0.0 0.0
0.0 0.0 0.0
0.0 0.0 0.0
0.0 0.0 0.0
0.0 0.0 0.0
0.0 0.0 0.0
0.0 0.0 0.0
0.0 0.0 0.0
0.0 0.0 0.0
0.0 0.0 0.0
0.0 0.0 0.0
0.0 0.0 0.0
0.0 0.0 0.0
0.0 0.0 0.0
0.0 0.0 0.0
0.0 0.0 0.0
0.0 0.0 0.0
0.0 0.0 0.0
0.0 0.0 0.0
0.0 0.0 0.0
17.0 -34.0 11.571428
17.0 -34.0 23.357143
-20.0 -114.0 38.214287
-23.0 -114.0 51.857143
-13.0 -93.0 60.642857
-13.0 -93.0 67.21429
9.0 -106.0 81.64286
-12.0 -27.0 81.5
-19.0 34.0 71.42857
-27.0 1.0 68.5
-66.0 -7.0 60.142857
-104.0 -49.0 47.0
-115.0 -43.0 32.0
-115.0 33.0 11.571428
-115.0 11.0 -1.0714285
0.0 0.0 0.0
0.0 0.0 0.0
0.0 0.0 0.0
0.0 0.0 0.0
0.0 0.0 0.0
0.0 0.0 0.0
0.0 0.0 0.0
0.0 0.0 0.0
0.0 0.0 0.0
0.0 0.0 0.0
0.0 0.0 0.0
0.0 0.0 0.0
0.0 0.0 0.0
0.0 0.0 0.0
0.0 0.0 0.0
0.0 0.0 0.0
0.0 0.0 0.0
0.0 0.0 0.0
0.0 0.0 0.0
0.0 0.0 0.0
0.0 0.0 0.0
0.0 0.0 0.0
0.0 0.0 0.0
0.0 0.0 0.0
0.0 0.0 0.0
-17.0 21.0 -16.928572
-17.0 -5.0 -24.285715
-115.0 -11.0 -37.42857
-94.0 12.0 -50.714287
-72.0 -42.0 -61.07143
-66.0 33.0 -69.21429
-66.0 33.0 -72.5
62.0 48.0 -69.5
-13.0 -33.0 -63.857143
15.0 -103.0 -51.5
32.0 -114.0 -35.92857
7.0 -114.0 -16.714285
7.0 -114.0 0.9285714
0.0 0.0 0.0
0.0 0.0 0.0
0.0 0.0 0.0
0.0 0.0 0.0
0.0 0.0 0.0
0.0 0.0 0.0
0.0 0.0 0.0
0.0 0.0 0.0
0.0 0.0 0.0
0.0 0.0 0.0
0.0 0.0 0.0
0.0 0.0 0.0
0.0 0.0 0.0
0.0 0.0 0.0
0.0 0.0 0.0
0.0 0.0 0.0
0.0 0.0 0.0
0.0 0.0 0.0
0.0 0.0 0.0
0.0 0.0 0.0
0.0 0.0 0.0
0.0 0.0 0.0
0.0 0.0 0.0
0.0 0.0 0.0
0.0 0.0 0.0
0.0 0.0 0.0
0.0 0.0 0.0
-2.0 -114.0 11.714286
-1.0 -114.0 22.5
33.0 -80.0 31.428572
26.0 -114.0 48.857143
-2.0 -114.0 64.42857
-35.0 -114.0 72.21429
-40.0 -114.0 84.57143
48.0 -54.0 98.92857
-12.0 -78.0 102.64286
10.0 67.0 97.14286
-60.0 40.0 81.57143
-72.0 6.0 65.57143
-115.0 -63.0 53.214287
-115.0 -86.0 42.5
-115.0 46.0 23.0
-101.0 -18.0 9.0
-77.0 44.0 -7.714286
0.0 0.0 0.0
0.0 0.0 0.0
0.0 0.0 0.0
0.0 0.0 0.0
0.0 0.0 0.0
0.0 0.0 0.0
0.0 0.0 0.0
0.0 0.0 0.0
0.0 0.0 0.0
0.0 0.0 0.0
0.0 0.0 0.0
0.0 0.0 0.0
0.0 0.0 0.0
0.0 0.0 0.0
0.0 0.0 0.0
0.0 0.0 0.0
0.0 0.0 0.0
0.0 0.0 0.0
0.0 0.0 0.0
0.0 0.0 0.0
0.0 0.0 0.0
0.0 0.0 0.0
0.0 0.0 0.0
-115.0 2.0 -26.071428
-115.0 19.0 -43.642857
-101.0 19.0 -57.857143
-115.0 -15.0 -70.28571
-24.0 64.0 -83.85714
-33.0 64.0 -95.5
26.0 26.0 -91.42857
7.0 -26.0 -81.92857
9.0 -96.0 -68.85714
-49.0 -96.0 -61.785713
23.0 -104.0 -50.642857
14.0 -114.0 -30.0
-4.0 -93.0 -17.714285
-4.0 -93.0 -2.7142856
22.0 -69.0 12.142858
0.0 0.0 0.0
0.0 0.0 0.0
0.0 0.0 0.0
0.0 0.0 0.0
0.0 0.0 0.0
0.0 0.0 0.0
0.0 0.0 0.0
0.0 0.0 0.0
0.0 0.0 0.0
0.0 0.0 0.0
0.0 0.0 0.0
0.0 0.0 0.0
0.0 0.0 0.0
0.0 0.0 0.0
0.0 0.0 0.0
0.0 0.0 0.0
0.0 0.0 0.0
0.0 0.0 0.0
0.0 0.0 0.0
0.0 0.0 0.0
0.0 0.0 0.0
0.0 0.0 0.0
0.0 0.0 0.0
0.0 0.0 0.0
0.0 0.0 0.0
-11.0 90.0 14.5
-5.0 90.0 16.285715
-49.0 -114.0 28.071428
27.0 -32.0 38.57143
27.0 -32.0 49.714287
19.0 -113.0 59.142857
-7.0 58.0 52.142857
-4.0 -29.0 46.42857
-110.0 18.0 33.92857
-115.0 -15.0 17.714285
-115.0 -9.0 1.0
-115.0 -18.0 -12.285714
0.0 0.0 0.0
0.0 0.0 0.0
0.0 0.0 0.0
0.0 0.0 0.0
0.0 0.0 0.0
0.0 0.0 0.0
0.0 0.0 0.0
0.0 0.0 0.0
0.0 0.0 0.0
0.0 0.0 0.0
0.0 0.0 0.0
0.0 0.0 0.0
0.0 0.0 0.0
0.0 0.0 0.0
0.0 0.0 0.0
0.0 0.0 0.0
0.0 0.0 0.0
0.0 0.0 0.0
0.0 0.0 0.0
0.0 0.0 0.0
0.0 0.0 0.0
0.0 0.0 0.0
0.0 0.0 0.0
0.0 0.0 0.0
0.0 0.0 0.0
0.0 0.0 0.0
0.0 0.0 0.0
0.0 0.0 0.0
-52.0 -2.0 -22.214285
-115.0 43.0 -40.0
-115.0 43.0 -44.07143
-115.0 43.0 -48.57143
-115.0 -8.0 -60.857143
-70.0 102.0 -77.35714
-92.0 15.0 -89.21429
-13.0 75.0 -104.92857
70.0 -20.0 -93.85714
70.0 -20.0 -89.21429
-25.0 -86.0 -75.71429
16.0 -98.0 -60.42857
-7.0 -98.0 -46.357143
6.0 -114.0 -30.857143
11.0 -114.0 -18.357143
11.0 -114.0 1.8571428
0.0 0.0 0.0
0.0 0.0 0.0
0.0 0.0 0.0
0.0 0.0 0.0
0.0 0.0 0.0
0.0 0.0 0.0
0.0 0.0 0.0
0.0 0.0 0.0
0.0 0.0 0.0
0.0 0.0 0.0
0.0 0.0 0.0
0.0 0.0 0.0
0.0 0.0 0.0
0.0 0.0 0.0
0.0 0.0 0.0
0.0 0.0 0.0
0.0 0.0 0.0
0.0 0.0 0.0
0.0 0.0 0.0
0.0 0.0 0.0
0.0 0.0 0.0
0.0 0.0 0.0
0.0 0.0 0.0
0.0 0.0 0.0
-5.0 92.0 13.357142
-5.0 92.0 14.071428
27.0 -114.0 36.42857
-56.0 -114.0 48.214287
2.0 -99.0 61.714287
25.0 -64.0 61.642857
25.0 -86.0 63.142857
-21.0 61.0 52.92857
-14.0 6.0 43.357143
-54.0 -73.0 38.214287
-72.0 -73.0 29.714285
-115.0 88.0 6.285714
-115.0 -17.0 -9.642858
0.0 0.0 0.0
0.0 0.0 0.0
0.0 0.0 0.0
0.0 0.0 0.0
0.0 0.0 0.0
0.0 0.0 0.0
0.0 0.0 0.0
0.0 0.0 0.0
0.0 0.0 0.0
0.0 0.0 0.0
0.0 0.0 0.0
0.0 0.0 0.0
0.0 0.0 0.0
0.0 0.0 0.0
0.0 0.0 0.0
0.0 0.0 0.0
0.0 0.0 0.0
0.0 0.0 0.0
0.0 0.0 0.0
0.0 0.0 0.0
0.0 0.0 0.0
0.0 0.0 0.0
0.0 0.0 0.0
0.0 0.0 0.0
0.0 0.0 0.0
0.0 0.0 0.0
0.0 0.0 0.0
-92.0 40.0 -14.928572
20.0 40.0 -9.428572
-115.0 40.0 -13.571428
37.0 -14.0 -20.0
-115.0 39.0 -35.142857
-115.0 21.0 -52.07143
-45.0 -4.0 -61.357143
-64.0 44.0 -77.0
-52.0 -113.0 -66.78571
-52.0 -113.0 -61.0
33.0 -114.0 -51.857143
-29.0 -114.0 -45.857143
-8.0 -114.0 -23.785715
-8.0 -114.0 -9.214286
-19.0 -114.0 7.0
0.0 0.0 0.0
0.0 0.0 0.0
0.0 0.0 0.0
0.0 0.0 0.0
0.0 0.0 0.0
0.0 0.0 0.0
0.0 0.0 0.0
0.0 0.0 0.0
0.0 0.0 0.0
0.0 0.0 0.0
0.0 0.0 0.0
0.0 0.0 0.0
0.0 0.0 0.0
0.0 0.0 0.0
0.0 0.0 0.0
0.0 0.0 0.0
0.0 0.0 0.0
0.0 0.0 0.0
0.0 0.0 0.0
0.0 0.0 0.0
0.0 0.0 0.0
0.0 0.0 0.0
0.0 0.0 0.0
0.0 0.0 0.0
0.0 0.0 0.0
18.0 -75.0 15.071428
18.0 -78.0 33.0
37.0 -13.0 32.92857
21.0 -100.0 52.57143
-42.0 -114.0 67.42857
-42.0 -114.0 75.5
-36.0 -114.0 88.78571
47.0 10.0 87.07143
-11.0 -114.0 90.07143
-27.0 -114.0 85.78571
-42.0 36.0 74.14286
-80.0 -3.0 61.07143
-70.0 -7.0 49.0
-91.0 -2.0 35.857143
-115.0 -30.0 23.142857
-115.0 78.0 2.5
-53.0 -11.0 -4.071429
0.0 0.0 0.0
0.0 0.0 0.0
0.0 0.0 0.0
0.0 0.0 0.0
0.0 0.0 0.0
0.0 0.0 0.0
0.0 0.0 0.0
0.0 0.0 0.0
0.0 0.0 0.0
0.0 0.0 0.0
0.0 0.0 0.0
0.0 0.0 0.0
0.0 0.0 0.0
0.0 0.0 0.0
0.0 0.0 0.0
0.0 0.0 0.0
0.0 0.0 0.0
0.0 0.0 0.0
0.0 0.0 0.0
0.0 0.0 0.0
0.0 0.0 0.0
0.0 0.0 0.0
0.0 0.0 0.0
-115.0 58.0 -25.071428
140.0 15.0 -21.285715
140.0 15.0 -17.5
-111.0 36.0 -33.57143
-111.0 36.0 -46.714287
-95.0 43.0 -63.92857
-97.0 30.0 -79.21429
-20.0 25.0 -76.85714
15.0 -14.0 -69.28571
64.0 -58.0 -56.07143
2.0 -114.0 -41.42857
2.0 -114.0 -27.071428
-43.0 -114.0 -8.214286
-19.0 -114.0 1.5714285
0.0 0.0 0.0
0.0 0.0 0.0
0.0 0.0 0.0
0.0 0.0 0.0
0.0 0.0 0.0
0.0 0.0 0.0
0.0 0.0 0.0
0.0 0.0 0.0
0.0 0.0 0.0
0.0 0.0 0.0
0.0 0.0 0.0
0.0 0.0 0.0
0.0 0.0 0.0
0.0 0.0 0.0
0.0 0.0 0.0
0.0 0.0 0.0
0.0 0.0 0.0
0.0 0.0 0.0
0.0 0.0 0.0
0.0 0.0 0.0
0.0 0.0 0.0
0.0 0.0 0.0
0.0 0.0 0.0
0.0 0.0 0.0
0.0 0.0 0.0
0.0 0.0 0.0
36.0 -72.0 21.642857
36.0 -72.0 20.428572
29.0 -114.0 21.714285
-14.0 -114.0 39.357143
1.0 -38.0 52.642857
-59.0 -114.0 66.42857
-19.0 37.0 71.5
29.0 37.0 74.14286
49.0 -114.0 83.71429
-27.0 -86.0 79.21429
-36.0 -42.0 71.35714
-36.0 -29.0 62.57143
-57.0 28.0 51.42857
-30.0 -15.0 43.57143
-115.0 -53.0 31.428572
-115.0 38.0 12.785714
-115.0 55.0 -9.571428
0.0 0.0 0.0
0.0 0.0 0.0
0.0 0.0 0.0
0.0 0.0 0.0
0.0 0.0 0.0
0.0 0.0 0.0
0.0 0.0 0.0
0.0 0.0 0.0
0.0 0.0 0.0
0.0 0.0 0.0
0.0 0.0 0.0
0.0 0.0 0.0
0.0 0.0 0.0
0.0 0.0 0.0
0.0 0.0 0.0
0.0 0.0 0.0
0.0 0.0 0.0
0.0 0.0 0.0
0.0 0.0 0.0
0.0 0.0 0.0
0.0 0.0 0.0
0.0 0.0 0.0
0.0 0.0 0.0
-115.0 7.0 -25.428572
-115.0 7.0 -36.92857
-115.0 36.0 -51.642857
-115.0 36.0 -58.42857
-115.0 -7.0 -65.57143
-46.0 14.0 -81.5
-86.0 56.0 -95.85714
-38.0 -27.0 -97.07143
-38.0 -27.0 -97.35714
35.0 -38.0 -86.07143
-9.0 -54.0 -81.78571
28.0 -114.0 -67.21429
39.0 -114.0 -45.357143
39.0 -114.0 -22.285715
30.0 -99.0 -4.357143
33.0 -108.0 14.428572
0.0 0.0 0.0
0.0 0.0 0.0
0.0 0.0 0.0
0.0 0.0 0.0
0.0 0.0 0.0
0.0 0.0 0.0
0.0 0.0 0.0
0.0 0.0 0.0
0.0 0.0 0.0
0.0 0.0 0.0
0.0 0.0 0.0
0.0 0.0 0.0
0.0 0.0 0.0
0.0 0.0 0.0
0.0 0.0 0.0
0.0 0.0 0.0
0.0 0.0 0.0
0.0 0.0 0.0
0.0 0.0 0.0
0.0 0.0 0.0
0.0 0.0 0.0
0.0 0.0 0.0
0.0 0.0 0.0
0.0 0.0 0.0
3.0 75.0 20.071428
3.0 75.0 25.714285
5.0 75.0 28.428572
-22.0 -56.0 35.142857
-74.0 12.0 39.142857
-20.0 -59.0 42.714287
-33.0 -106.0 48.714287
-33.0 -59.0 45.357143
-55.0 8.0 37.642857
-33.0 -22.0 26.714285
-47.0 58.0 8.285714
-85.0 58.0 -12.857142
0.0 0.0 0.0
0.0 0.0 0.0
0.0 0.0 0.0
0.0 0.0 0.0
0.0 0.0 0.0
0.0 0.0 0.0
0.0 0.0 0.0
0.0 0.0 0.0
0.0 0.0 0.0
0.0 0.0 0.0
0.0 0.0 0.0
0.0 0.0 0.0
0.0 0.0 0.0
0.0 0.0 0.0
0.0 0.0 0.0
0.0 0.0 0.0
0.0 0.0 0.0
0.0 0.0 0.0
0.0 0.0 0.0
0.0 0.0 0.0
0.0 0.0 0.0
0.0 0.0 0.0
0.0 0.0 0.0
0.0 0.0 0.0
0.0 0.0 0.0
0.0 0.0 0.0
0.0 0.0 0.0
0.0 0.0 0.0
-14.0 17.0 -10.857142
-15.0 5.0 -12.285714
-5.0 -9.0 -12.0
-5.0 -9.0 -11.714286
-9.0 -36.0 -9.785714
-2.0 -72.0 -4.785714
11.0 -112.0 4.0
16.0 -112.0 13.285714
29.0 -110.0 23.857143
9.0 -65.0 29.214285
-29.0 -59.0 32.714287
-25.0 37.0 29.571428
-110.0 -40.0 27.714285
-30.0 -31.0 29.785715
-36.0 -52.0 33.142857
-29.0 -36.0 35.07143
-8.0 -40.0 37.07143
29.0 -57.0 42.92857
18.0 -50.0 45.857143
-4.0 -42.0 43.57143
-4.0 -23.0 36.142857
-53.0 59.0 19.0
-110.0 -4.0 1.5
-110.0 -61.0 -7.285714
0.0 0.0 0.0
0.0 0.0 0.0
0.0 0.0 0.0
0.0 0.0 0.0
0.0 0.0 0.0
0.0 0.0 0.0
0.0 0.0 0.0
0.0 0.0 0.0
0.0 0.0 0.0
0.0 0.0 0.0
0.0 0.0 0.0
0.0 0.0 0.0
0.0 0.0 0.0
0.0 0.0 0.0
0.0 0.0 0.0
0.0 0.0 0.0
-64.0 97.0 -20.928572
5.0 -1.0 -16.071428
5.0 -1.0 -10.642858
5.0 -1.0 -10.285714
91.0 -16.0 -3.7857144
-38.0 -26.0 -5.142857
-12.0 -35.0 -5.785714
-87.0 6.0 -18.571428
-87.0 12.0 -30.5
-35.0 9.0 -36.357143
20.0 -10.0 -35.57143
4.0 1.0 -27.357143
-31.0 -12.0 -21.142857
-67.0 -87.0 -16.214285
-18.0 -112.0 2.0
0.0 0.0 0.0
0.0 0.0 0.0
0.0 0.0 0.0
0.0 0.0 0.0
0.0 0.0 0.0
0.0 0.0 0.0
0.0 0.0 0.0
0.0 0.0 0.0
0.0 0.0 0.0
0.0 0.0 0.0
0.0 0.0 0.0
0.0 0.0 0.0
0.0 0.0 0.0
0.0 0.0 0.0
0.0 0.0 0.0
0.0 0.0 0.0
0.0 0.0 0.0
0.0 0.0 0.0
0.0 0.0 0.0
0.0 0.0 0.0
0.0 0.0 0.0
0.0 0.0 0.0
0.0 0.0 0.0
0.0 0.0 0.0
0.0 0.0 0.0
40.0 -112.0 12.428572
40.0 -112.0 22.857143
0.0 -112.0 30.428572
0.0 6.0 22.357143
-10.0 -112.0 30.5
-14.0 -112.0 35.857143
-51.0 -60.0 43.142857
6.0 -75.0 56.0
6.0 -75.0 64.92857
22.0 -82.0 70.21429
11.0 -41.0 73.71429
11.0 36.0 73.28571
-9.0 29.0 69.14286
-24.0 4.0 60.42857
-110.0 -14.0 42.714287
-110.0 -62.0 28.428572
-110.0 -40.0 15.428572
-110.0 57.0 3.9285715
-110.0 -23.0 -9.571428
0.0 0.0 0.0
0.0 0.0 0.0
0.0 0.0 0.0
0.0 0.0 0.0
0.0 0.0 0.0
0.0 0.0 0.0
0.0 0.0 0.0
0.0 0.0 0.0
0.0 0.0 0.0
0.0 0.0 0.0
0.0 0.0 0.0
0.0 0.0 0.0
0.0 0.0 0.0
0.0 0.0 0.0
0.0 0.0 0.0
0.0 0.0 0.0
0.0 0.0 0.0
0.0 0.0 0.0
0.0 0.0 0.0
0.0 0.0 0.0
0.0 0.0 0.0
-90.0 -111.0 -15.071428
-85.0 -43.0 -18.714285
-85.0 -43.0 -27.5
-69.0 39.0 -41.0
-39.0 74.0 -56.5
15.0 74.0 -64.42857
-30.0 -52.0 -61.07143
-30.0 -52.0 -56.785713
-59.0 -112.0 -51.0
30.0 -112.0 -34.0
21.0 -112.0 -21.071428
22.0 -112.0 -6.5
6.0 -112.0 13.857142
0.0 0.0 0.0
0.0 0.0 0.0
0.0 0.0 0.0
0.0 0.0 0.0
0.0 0.0 0.0
0.0 0.0 0.0
0.0 0.0 0.0
0.0 0.0 0.0
0.0 0.0 0.0
0.0 0.0 0.0
0.0 0.0 0.0
0.0 0.0 0.0
0.0 0.0 0.0
0.0 0.0 0.0
0.0 0.0 0.0
0.0 0.0 0.0
0.0 0.0 0.0
0.0 0.0 0.0
0.0 0.0 0.0
0.0 0.0 0.0
0.0 0.0 0.0
0.0 0.0 0.0
0.0 0.0 0.0
0.0 0.0 0.0
0.0 0.0 0.0
0.0 0.0 0.0
0.0 0.0 0.0
8.0 -112.0 28.642857
-14.0 -112.0 34.142857
-14.0 -112.0 44.142857
-49.0 -112.0 51.642857
-57.0 -112.0 63.285713
-10.0 -53.0 74.42857
4.0 -94.0 85.64286
35.0 -42.0 89.57143
-6.0 38.0 84.85714
-6.0 38.0 77.92857
-47.0 17.0 63.214287
-82.0 -33.0 50.214287
-108.0 12.0 32.07143
-110.0 40.0 12.928572
-110.0 82.0 -9.357142
0.0 0.0 0.0
0.0 0.0 0.0
0.0 0.0 0.0
0.0 0.0 0.0
0.0 0.0 0.0
0.0 0.0 0.0
0.0 0.0 0.0
0.0 0.0 0.0
0.0 0.0 0.0
0.0 0.0 0.0
0.0 0.0 0.0
0.0 0.0 0.0
0.0 0.0 0.0
0.0 0.0 0.0
0.0 0.0 0.0
0.0 0.0 0.0
0.0 0.0 0.0
0.0 0.0 0.0
0.0 0.0 0.0
0.0 0.0 0.0
0.0 0.0 0.0
0.0 0.0 0.0
0.0 0.0 0.0
0.0 0.0 0.0
0.0 0.0 0.0
-110.0 13.0 -25.142857
-110.0 27.0 -41.92857
118.0 13.0 -38.92857
-110.0 13.0 -51.642857
-110.0 13.0 -63.5
38.0 -38.0 -65.07143
-90.0 50.0 -80.57143
-90.0 50.0 -87.42857
62.0 -52.0 -76.14286
7.0 -52.0 -67.35714
-71.0 -46.0 -65.64286
-71.0 -46.0 -58.857143
9.0 -112.0 -39.5
30.0 -112.0 -15.642858
27.0 -112.0 3.0714285
0.0 0.0 0.0
0.0 0.0 0.0
0.0 0.0 0.0
0.0 0.0 0.0
0.0 0.0 0.0
0.0 0.0 0.0
0.0 0.0 0.0
0.0 0.0 0.0
0.0 0.0 0.0
0.0 0.0 0.0
0.0 0.0 0.0
0.0 0.0 0.0
0.0 0.0 0.0
0.0 0.0 0.0
0.0 0.0 0.0
0.0 0.0 0.0
0.0 0.0 0.0
0.0 0.0 0.0
0.0 0.0 0.0
0.0 0.0 0.0
0.0 0.0 0.0
0.0 0.0 0.0
0.0 0.0 0.0
0.0 0.0 0.0
0.0 0.0 0.0
38.0 -30.0 17.714285
38.0 -30.0 15.071428
25.0 -112.0 33.642857
2.0 83.0 36.642857
-40.0 -112.0 36.357143
0.0 10.0 45.642857
31.0 -112.0 65.85714
-19.0 70.0 51.357143
-19.0 70.0 40.785713
-18.0 -5.0 41.642857
-25.0 -5.0 42.0
-36.0 30.0 28.642857
-101.0 -35.0 13.785714
-110.0 46.0 -7.285714
0.0 0.0 0.0
0.0 0.0 0.0
0.0 0.0 0.0
0.0 0.0 0.0
0.0 0.0 0.0
0.0 0.0 0.0
0.0 0.0 0.0
0.0 0.0 0.0
0.0 0.0 0.0
0.0 0.0 0.0
0.0 0.0 0.0
0.0 0.0 0.0
0.0 0.0 0.0
0.0 0.0 0.0
0.0 0.0 0.0
0.0 0.0 0.0
0.0 0.0 0.0
0.0 0.0 0.0
0.0 0.0 0.0
0.0 0.0 0.0
0.0 0.0 0.0
0.0 0.0 0.0
0.0 0.0 0.0
0.0 0.0 0.0
0.0 0.0 0.0
0.0 0.0 0.0
-110.0 -12.0 -19.142857
25.0 -7.0 -21.714285
25.0 -6.0 -29.285715
25.0 -6.0 -21.285715
-110.0 -36.0 -31.714285
-71.0 -84.0 -30.071428
-28.0 30.0 -44.42857
-58.0 8.0 -42.785713
-58.0 12.0 -41.42857
66.0 -19.0 -34.42857
1.0 -58.0 -28.785715
23.0 -112.0 -14.428572
23.0 -112.0 -0.071428575
10.0 -112.0 19.785715
0.0 0.0 0.0
0.0 0.0 0.0
0.0 0.0 0.0
0.0 0.0 0.0
0.0 0.0 0.0
0.0 0.0 0.0
0.0 0.0 0.0
0.0 0.0 0.0
0.0 0.0 0.0
0.0 0.0 0.0
0.0 0.0 0.0
0.0 0.0 0.0
0.0 0.0 0.0
0.0 0.0 0.0
0.0 0.0 0.0
0.0 0.0 0.0
0.0 0.0 0.0
0.0 0.0 0.0
0.0 0.0 0.0
0.0 0.0 0.0
0.0 0.0 0.0
0.0 0.0 0.0
0.0 0.0 0.0
0.0 0.0 0.0
0.0 0.0 0.0
0.0 0.0 0.0
29.0 -81.0 34.642857
29.0 -91.0 40.92857
32.0 -91.0 47.5
9.0 -112.0 53.92857
1.0 -51.0 62.92857
-78.0 -112.0 64.42857
-79.0 -83.0 68.85714
-79.0 -83.0 73.85714
17.0 -112.0 88.07143
3.0 27.0 80.28571
-2.0 18.0 74.64286
-64.0 -3.0 60.642857
-94.0 30.0 42.142857
-110.0 30.0 23.428572
-110.0 -9.0 8.357142
-110.0 73.0 -13.285714
0.0 0.0 0.0
0.0 0.0 0.0
0.0 0.0 0.0
0.0 0.0 0.0
0.0 0.0 0.0
0.0 0.0 0.0
0.0 0.0 0.0
0.0 0.0 0.0
0.0 0.0 0.0
0.0 0.0 0.0
0.0 0.0 0.0
0.0 0.0 0.0
0.0 0.0 0.0
0.0 0.0 0.0
0.0 0.0 0.0
0.0 0.0 0.0
0.0 0.0 0.0
0.0 0.0 0.0
0.0 0.0 0.0
0.0 0.0 0.0
0.0 0.0 0.0
0.0 0.0 0.0
0.0 0.0 0.0
0.0 0.0 0.0
145.0 16.0 -12.857142
145.0 16.0 -12.285714
145.0 16.0 -6.785714
-110.0 17.0 -18.285715
-110.0 23.0 -28.071428
-81.0 -20.0 -32.714287
-18.0 -2.0 -43.07143
16.0 7.0 -40.714287
30.0 -22.0 -35.57143
4.0 -62.0 -26.5
-42.0 -1.0 -20.571428
56.0 -84.0 -0.5714286
17.0 -84.0 13.857142
0.0 0.0 0.0
0.0 0.0 0.0
0.0 0.0 0.0
0.0 0.0 0.0
0.0 0.0 0.0
0.0 0.0 0.0
0.0 0.0 0.0
0.0 0.0 0.0
0.0 0.0 0.0
0.0 0.0 0.0
0.0 0.0 0.0
0.0 0.0 0.0
0.0 0.0 0.0
0.0 0.0 0.0
0.0 0.0 0.0
0.0 0.0 0.0
0.0 0.0 0.0
0.0 0.0 0.0
0.0 0.0 0.0
0.0 0.0 0.0
0.0 0.0 0.0
0.0 0.0 0.0
0.0 0.0 0.0
0.0 0.0 0.0
0.0 0.0 0.0
0.0 0.0 0.0
0.0 0.0 0.0
22.0 -112.0 36.5
37.0 -36.0 32.5
20.0 -103.0 32.07143
-11.0 -54.0 25.928572
38.0 90.0 31.285715
38.0 90.0 37.07143
-65.0 -112.0 44.785713
14.0 -20.0 48.357143
4.0 -102.0 55.285713
-8.0 -1.0 51.07143
-13.0 13.0 44.5
-13.0 1.0 46.42857
-10.0 -34.0 38.142857
-110.0 -37.0 25.714285
-110.0 -37.0 10.928572
-110.0 17.0 -3.357143
0.0 0.0 0.0
0.0 0.0 0.0
0.0 0.0 0.0
0.0 0.0 0.0
0.0 0.0 0.0
0.0 0.0 0.0
0.0 0.0 0.0
0.0 0.0 0.0
0.0 0.0 0.0
0.0 0.0 0.0
0.0 0.0 0.0
0.0 0.0 0.0
0.0 0.0 0.0
0.0 0.0 0.0
0.0 0.0 0.0
0.0 0.0 0.0
0.0 0.0 0.0
0.0 0.0 0.0
0.0 0.0 0.0
0.0 0.0 0.0
0.0 0.0 0.0
0.0 0.0 0.0
0.0 0.0 0.0
0.0 0.0 0.0
-110.0 14.0 -21.0
-110.0 14.0 -32.92857
145.0 25.0 -20.642857
-34.0 37.0 -22.0
-110.0 -24.0 -31.5
9.0 -66.0 -28.571428
-32.0 -4.0 -38.142857
-18.0 36.0 -41.5
72.0 -29.0 -32.42857
-54.0 -69.0 -30.357143
-54.0 -77.0 -30.428572
-50.0 -112.0 -20.785715
53.0 -112.0 -3.7857144
52.0 -112.0 17.0
0.0 0.0 0.0
0.0 0.0 0.0
0.0 0.0 0.0
0.0 0.0 0.0
0.0 0.0 0.0
0.0 0.0 0.0
0.0 0.0 0.0
0.0 0.0 0.0
0.0 0.0 0.0
0.0 0.0 0.0
0.0 0.0 0.0
0.0 0.0 0.0
0.0 0.0 0.0
0.0 0.0 0.0
0.0 0.0 0.0
0.0 0.0 0.0
0.0 0.0 0.0
0.0 0.0 0.0
0.0 0.0 0.0
0.0 0.0 0.0
0.0 0.0 0.0
0.0 0.0 0.0
0.0 0.0 0.0
0.0 0.0 0.0
0.0 0.0 0.0
0.0 0.0 0.0
15.0 -112.0 34.92857
15.0 -112.0 52.857143
16.0 -112.0 53.42857
16.0 -112.0 67.64286
-12.0 3.0 72.71429
-83.0 -112.0 69.42857
28.0 -6.0 73.85714
-10.0 -72.0 82.14286
-10.0 -72.0 79.35714
-31.0 17.0 74.85714
-24.0 4.0 71.21429
-68.0 50.0 58.357143
-98.0 7.0 39.07143
-110.0 12.0 18.642857
-110.0 49.0 -1.7857143
0.0 0.0 0.0
0.0 0.0 0.0
0.0 0.0 0.0
0.0 0.0 0.0
0.0 0.0 0.0
0.0 0.0 0.0
0.0 0.0 0.0
0.0 0.0 0.0
0.0 0.0 0.0
0.0 0.0 0.0
0.0 0.0 0.0
0.0 0.0 0.0
0.0 0.0 0.0
0.0 0.0 0.0
0.0 0.0 0.0
0.0 0.0 0.0
0.0 0.0 0.0
0.0 0.0 0.0
0.0 0.0 0.0
0.0 0.0 0.0
0.0 0.0 0.0
0.0 0.0 0.0
0.0 0.0 0.0
0.0 0.0 0.0
0.0 0.0 0.0
-42.0 25.0 -15.642858
-42.0 27.0 -29.714285
20.0 -4.0 -37.142857
145.0 -4.0 -25.428572
-110.0 2.0 -35.5
-110.0 -43.0 -42.714287
-26.0 0.0 -49.0
-19.0 36.0 -57.357143
42.0 38.0 -53.642857
52.0 -53.0 -44.142857
-28.0 -105.0 -30.214285
-28.0 -105.0 -17.214285
47.0 -112.0 2.857143
0.0 0.0 0.0
0.0 0.0 0.0
0.0 0.0 0.0
0.0 0.0 0.0
0.0 0.0 0.0
0.0 0.0 0.0
0.0 0.0 0.0
0.0 0.0 0.0
0.0 0.0 0.0
0.0 0.0 0.0
0.0 0.0 0.0
0.0 0.0 0.0
0.0 0.0 0.0
0.0 0.0 0.0
0.0 0.0 0.0
0.0 0.0 0.0
0.0 0.0 0.0
0.0 0.0 0.0
0.0 0.0 0.0
0.0 0.0 0.0
0.0 0.0 0.0
0.0 0.0 0.0
0.0 0.0 0.0
0.0 0.0 0.0
0.0 0.0 0.0
0.0 0.0 0.0
0.0 0.0 0.0
37.0 -112.0 24.857143
37.0 -112.0 40.285713
11.0 -112.0 54.0
11.0 -13.0 54.0
11.0 -59.0 48.357143
-5.0 -112.0 64.0
-45.0 107.0 57.92857
-55.0 -112.0 63.857143
16.0 -19.0 70.28571
16.0 -42.0 74.14286
-9.0 -89.0 72.35714
-16.0 -39.0 68.5
-7.0 -25.0 64.28571
-57.0 11.0 48.07143
-57.0 11.0 32.57143
-110.0 25.0 12.285714
-110.0 11.0 -5.142857
0.0 0.0 0.0
0.0 0.0 0.0
0.0 0.0 0.0
0.0 0.0 0.0
0.0 0.0 0.0
0.0 0.0 0.0
0.0 0.0 0.0
0.0 0.0 0.0
0.0 0.0 0.0
0.0 0.0 0.0
0.0 0.0 0.0
0.0 0.0 0.0
0.0 0.0 0.0
0.0 0.0 0.0
0.0 0.0 0.0
0.0 0.0 0.0
0.0 0.0 0.0
0.0 0.0 0.0
0.0 0.0 0.0
0.0 0.0 0.0
0.0 0.0 0.0
0.0 0.0 0.0
0.0 0.0 0.0
-30.0 0.0 -16.142857
-30.0 0.0 -25.928572
-110.0 28.0 -24.928572
-110.0 18.0 -38.142857
87.0 -73.0 -29.214285
6.0 -106.0 -25.357143
-37.0 -19.0 -32.357143
21.0 23.0 -34.142857
50.0 -30.0 -29.714285
2.0 -50.0 -21.142857
0.0 -99.0 -9.214286
26.0 -112.0 10.285714
0.0 0.0 0.0
0.0 0.0 0.0
0.0 0.0 0.0
0.0 0.0 0.0
0.0 0.0 0.0
0.0 0.0 0.0
0.0 0.0 0.0
0.0 0.0 0.0
0.0 0.0 0.0
0.0 0.0 0.0
0.0 0.0 0.0
0.0 0.0 0.0
0.0 0.0 0.0
0.0 0.0 0.0
0.0 0.0 0.0
0.0 0.0 0.0
0.0 0.0 0.0
0.0 0.0 0.0
0.0 0.0 0.0
0.0 0.0 0.0
0.0 0.0 0.0
0.0 0.0 0.0
0.0 0.0 0.0
0.0 0.0 0.0
0.0 0.0 0.0
0.0 0.0 0.0
0.0 0.0 0.0
0.0 0.0 0.0
24.0 -89.0 27.0
24.0 -89.0 37.214287
21.0 -90.0 47.285713
-4.0 -112.0 57.142857
3.0 -112.0 75.21429
-23.0 100.0 75.57143
-60.0 -112.0 67.85714
-37.0 -112.0 65.21429
22.0 -13.0 69.0
29.0 -72.0 76.35714
-20.0 14.0 68.21429
-36.0 -2.0 62.07143
-36.0 9.0 51.785713
-48.0 18.0 37.214287
-110.0 -20.0 22.714285
-110.0 45.0 3.5714285
-110.0 54.0 -16.071428
0.0 0.0 0.0
0.0 0.0 0.0
0.0 0.0 0.0
0.0 0.0 0.0
0.0 0.0 0.0
0.0 0.0 0.0
0.0 0.0 0.0
0.0 0.0 0.0
0.0 0.0 0.0
0.0 0.0 0.0
0.0 0.0 0.0
0.0 0.0 0.0
0.0 0.0 0.0
0.0 0.0 0.0
0.0 0.0 0.0
0.0 0.0 0.0
0.0 0.0 0.0
0.0 0.0 0.0
0.0 0.0 0.0
0.0 0.0 0.0
0.0 0.0 0.0
0.0 0.0 0.0
0.0 0.0 0.0
-41.0 -16.0 -25.571428
-41.0 -16.0 -35.57143
145.0 21.0 -17.928572
46.0 34.0 -20.785715
-98.0 -27.0 -31.214285
-9.0 -11.0 -33.57143
-9.0 -11.0 -40.642857
-101.0 9.0 -46.07143
23.0 -37.0 -39.357143
23.0 -37.0 -31.857143
12.0 -43.0 -23.214285
-41.0 -83.0 -13.785714
54.0 -112.0 9.142858
0.0 0.0 0.0
0.0 0.0 0.0
0.0 0.0 0.0
0.0 0.0 0.0
0.0 0.0 0.0
0.0 0.0 0.0
0.0 0.0 0.0
0.0 0.0 0.0
0.0 0.0 0.0
0.0 0.0 0.0
0.0 0.0 0.0
0.0 0.0 0.0
0.0 0.0 0.0
0.0 0.0 0.0
0.0 0.0 0.0
0.0 0.0 0.0
0.0 0.0 0.0
0.0 0.0 0.0
0.0 0.0 0.0
0.0 0.0 0.0
0.0 0.0 0.0
0.0 0.0 0.0
0.0 0.0 0.0
0.0 0.0 0.0
0.0 0.0 0.0
0.0 0.0 0.0
0.0 0.0 0.0
26.0 -112.0 30.714285
26.0 -112.0 42.357143
11.0 -112.0 52.92857
14.0 -112.0 53.07143
6.0 49.0 49.142857
-22.0 -112.0 60.642857
-56.0 -112.0 64.5
-23.0 0.0 62.714287
-18.0 -91.0 75.78571
-7.0 -104.0 78.42857
-10.0 18.0 72.14286
-20.0 31.0 64.57143
-29.0 35.0 57.0
-76.0 19.0 38.357143
-110.0 -25.0 22.428572
-110.0 -25.0 6.5
-110.0 -25.0 -8.357142
0.0 0.0 0.0
0.0 0.0 0.0
0.0 0.0 0.0
0.0 0.0 0.0
0.0 0.0 0.0
0.0 0.0 0.0
0.0 0.0 0.0
0.0 0.0 0.0
0.0 0.0 0.0
0.0 0.0 0.0
0.0 0.0 0.0
0.0 0.0 0.0
0.0 0.0 0.0
0.0 0.0 0.0
0.0 0.0 0.0
0.0 0.0 0.0
0.0 0.0 0.0
0.0 0.0 0.0
0.0 0.0 0.0
0.0 0.0 0.0
0.0 0.0 0.0
0.0 0.0 0.0
0.0 0.0 0.0
-23.0 31.0 -21.214285
-109.0 31.0 -28.142857
-110.0 28.0 -44.42857
-110.0 -3.0 -56.07143
-47.0 -112.0 -49.785713
-26.0 -49.0 -53.357143
-9.0 -5.0 -60.57143
-43.0 17.0 -62.857143
61.0 -97.0 -47.92857
41.0 -107.0 -32.785713
-23.0 -112.0 -19.642857
13.0 -112.0 -4.642857
50.0 -101.0 12.214286
0.0 0.0 0.0
0.0 0.0 0.0
0.0 0.0 0.0
0.0 0.0 0.0
0.0 0.0 0.0
0.0 0.0 0.0
0.0 0.0 0.0
0.0 0.0 0.0
0.0 0.0 0.0
0.0 0.0 0.0
0.0 0.0 0.0
0.0 0.0 0.0
0.0 0.0 0.0
0.0 0.0 0.0
0.0 0.0 0.0
0.0 0.0 0.0
0.0 0.0 0.0
0.0 0.0 0.0
0.0 0.0 0.0
0.0 0.0 0.0
0.0 0.0 0.0
0.0 0.0 0.0
0.0 0.0 0.0
0.0 0.0 0.0
0.0 0.0 0.0
0.0 0.0 0.0
0.0 0.0 0.0
30.0 -112.0 28.428572
30.0 -112.0 42.42857
13.0 -112.0 61.357143
-2.0 -23.0 72.71429
-34.0 -112.0 85.92857
-69.0 -112.0 84.35714
-72.0 -88.0 83.85714
-42.0 14.0 80.14286
-19.0 -107.0 90.71429
-35.0 7.0 76.42857
-61.0 -20.0 62.92857
-61.0 -20.0 53.642857
-59.0 45.0 37.285713
-110.0 30.0 16.5
-110.0 26.0 -3.357143
0.0 0.0 0.0
0.0 0.0 0.0
0.0 0.0 0.0
0.0 0.0 0.0
0.0 0.0 0.0
0.0 0.0 0.0
0.0 0.0 0.0
0.0 0.0 0.0
0.0 0.0 0.0
0.0 0.0 0.0
0.0 0.0 0.0
0.0 0.0 0.0
0.0 0.0 0.0
0.0 0.0 0.0
0.0 0.0 0.0
0.0 0.0 0.0
0.0 0.0 0.0
0.0 0.0 0.0
0.0 0.0 0.0
0.0 0.0 0.0
0.0 0.0 0.0
0.0 0.0 0.0
0.0 0.0 0.0
0.0 0.0 0.0
0.0 0.0 0.0
-110.0 56.0 -25.357143
145.0 8.0 -24.5
117.0 -3.0 -17.428572
117.0 -1.0 -14.571428
-110.0 9.0 -26.142857
-110.0 -52.0 -31.428572
-53.0 -68.0 -26.357143
-81.0 7.0 -38.92857
-81.0 12.0 -42.57143
-42.0 -11.0 -41.857143
31.0 -49.0 -33.214287
-4.0 -88.0 -19.785715
-9.0 -112.0 -2.4285715
8.0 -112.0 15.857142
0.0 0.0 0.0
0.0 0.0 0.0
0.0 0.0 0.0
0.0 0.0 0.0
0.0 0.0 0.0
0.0 0.0 0.0
0.0 0.0 0.0
0.0 0.0 0.0
0.0 0.0 0.0
0.0 0.0 0.0
0.0 0.0 0.0
0.0 0.0 0.0
0.0 0.0 0.0
0.0 0.0 0.0
0.0 0.0 0.0
0.0 0.0 0.0
0.0 0.0 0.0
0.0 0.0 0.0
0.0 0.0 0.0
0.0 0.0 0.0
0.0 0.0 0.0
0.0 0.0 0.0
0.0 0.0 0.0
0.0 0.0 0.0
0.0 0.0 0.0
0.0 0.0 0.0
-9.0 5.0 -10.5
-6.0 -4.0 -10.428572
-8.0 -14.0 -9.642858
-8.0 -14.0 -8.357142
-8.0 -40.0 -5.214286
-3.0 -61.0 0.35714287
7.0 -89.0 8.071428
8.0 -90.0 15.285714
30.0 -82.0 23.142857
24.0 -108.0 32.42857
-54.0 -25.0 30.214285
-52.0 -3.0 26.285715
-113.0 -41.0 24.571428
-107.0 -32.0 21.357143
-90.0 -29.0 18.0
-69.0 -66.0 17.928572
-22.0 -27.0 17.857143
16.0 -56.0 22.571428
26.0 -56.0 26.142857
26.0 -56.0 27.857143
26.0 -56.0 26.857143
-1.0 15.0 18.714285
-3.0 57.0 6.428571
-113.0 -42.0 -8.071428
0.0 0.0 0.0
0.0 0.0 0.0
0.0 0.0 0.0
0.0 0.0 0.0
0.0 0.0 0.0
0.0 0.0 0.0
0.0 0.0 0.0
0.0 0.0 0.0
0.0 0.0 0.0
0.0 0.0 0.0
0.0 0.0 0.0
0.0 0.0 0.0
0.0 0.0 0.0
0.0 0.0 0.0
0.0 0.0 0.0
0.0 0.0 0.0
-113.0 -42.0 -11.071428
-113.0 65.0 -20.285715
-113.0 65.0 -27.857143
-113.0 21.0 -32.07143
-113.0 47.0 -39.142857
69.0 49.0 -37.5
-113.0 42.0 -48.92857
-113.0 47.0 -65.5
-71.0 51.0 -80.07143
-24.0 29.0 -89.71429
38.0 -36.0 -90.28571
-56.0 -38.0 -90.42857
45.0 -108.0 -75.21429
-40.0 -108.0 -65.28571
17.0 -108.0 -51.285713
3.0 -108.0 -30.642857
42.0 -83.0 -9.0
-8.0 -108.0 7.714286
0.0 0.0 0.0
0.0 0.0 0.0
0.0 0.0 0.0
0.0 0.0 0.0
0.0 0.0 0.0
0.0 0.0 0.0
0.0 0.0 0.0
0.0 0.0 0.0
0.0 0.0 0.0
0.0 0.0 0.0
0.0 0.0 0.0
0.0 0.0 0.0
0.0 0.0 0.0
0.0 0.0 0.0
0.0 0.0 0.0
0.0 0.0 0.0
0.0 0.0 0.0
0.0 0.0 0.0
0.0 0.0 0.0
0.0 0.0 0.0
0.0 0.0 0.0
0.0 0.0 0.0
-22.0 23.0 15.928572
-22.0 -108.0 20.642857
-35.0 -108.0 36.92857
-30.0 -21.0 47.714287
-6.0 -68.0 60.857143
22.0 -65.0 70.85714
-7.0 -66.0 69.78571
-30.0 57.0 64.85714
-30.0 57.0 47.714287
-113.0 -20.0 36.214287
-113.0 -21.0 20.714285
-113.0 -60.0 9.0
-113.0 -23.0 -6.357143
0.0 0.0 0.0
0.0 0.0 0.0
0.0 0.0 0.0
0.0 0.0 0.0
0.0 0.0 0.0
0.0 0.0 0.0
0.0 0.0 0.0
0.0 0.0 0.0
0.0 0.0 0.0
0.0 0.0 0.0
0.0 0.0 0.0
0.0 0.0 0.0
0.0 0.0 0.0
0.0 0.0 0.0
0.0 0.0 0.0
0.0 0.0 0.0
0.0 0.0 0.0
0.0 0.0 0.0
0.0 0.0 0.0
0.0 0.0 0.0
0.0 0.0 0.0
0.0 0.0 0.0
0.0 0.0 0.0
0.0 0.0 0.0
0.0 0.0 0.0
0.0 0.0 0.0
0.0 0.0 0.0
-67.0 18.0 -19.571428
33.0 12.0 -14.857142
-113.0 2.0 -29.214285
-85.0 -37.0 -37.857143
-93.0 -49.0 -40.357143
-69.0 -20.0 -48.285713
-7.0 69.0 -59.92857
21.0 -21.0 -61.142857
-62.0 -45.0 -56.142857
50.0 -108.0 -38.642857
15.0 -108.0 -23.214285
8.0 -108.0 -8.357142
16.0 -108.0 4.285714
0.0 0.0 0.0
0.0 0.0 0.0
0.0 0.0 0.0
0.0 0.0 0.0
0.0 0.0 0.0
0.0 0.0 0.0
0.0 0.0 0.0
0.0 0.0 0.0
0.0 0.0 0.0
0.0 0.0 0.0
0.0 0.0 0.0
0.0 0.0 0.0
0.0 0.0 0.0
0.0 0.0 0.0
0.0 0.0 0.0
0.0 0.0 0.0
0.0 0.0 0.0
0.0 0.0 0.0
0.0 0.0 0.0
0.0 0.0 0.0
0.0 0.0 0.0
0.0 0.0 0.0
0.0 0.0 0.0
0.0 0.0 0.0
0.0 0.0 0.0
0.0 0.0 0.0
0.0 0.0 0.0
4.0 -108.0 18.714285
-9.0 -108.0 31.857143
-25.0 40.0 25.714285
-64.0 -84.0 35.357143
-64.0 -84.0 40.214287
-64.0 -84.0 44.785713
-64.0 -84.0 49.714287
-64.0 -84.0 56.57143
-14.0 -66.0 57.285713
-13.0 3.0 57.357143
-10.0 29.0 43.285713
-80.0 -39.0 31.571428
-95.0 -87.0 22.714285
-113.0 -20.0 7.214286
-113.0 43.0 -11.928572
0.0 0.0 0.0
0.0 0.0 0.0
0.0 0.0 0.0
0.0 0.0 0.0
0.0 0.0 0.0
0.0 0.0 0.0
0.0 0.0 0.0
0.0 0.0 0.0
0.0 0.0 0.0
0.0 0.0 0.0
0.0 0.0 0.0
0.0 0.0 0.0
0.0 0.0 0.0
0.0 0.0 0.0
0.0 0.0 0.0
0.0 0.0 0.0
0.0 0.0 0.0
0.0 0.0 0.0
0.0 0.0 0.0
0.0 0.0 0.0
0.0 0.0 0.0
0.0 0.0 0.0
0.0 0.0 0.0
0.0 0.0 0.0
0.0 0.0 0.0
-113.0 32.0 -29.357143
-113.0 45.0 -36.0
142.0 35.0 -29.785715
-113.0 37.0 -41.92857
-113.0 57.0 -55.5
-113.0 -24.0 -63.285713
-24.0 -29.0 -64.35714
-57.0 78.0 -77.71429
-4.0 41.0 -79.78571
10.0 -74.0 -71.0
-57.0 -60.0 -67.85714
-12.0 -108.0 -60.42857
2.0 -108.0 -45.92857
45.0 -108.0 -23.857143
39.0 -96.0 -3.857143
26.0 -103.0 16.642857
0.0 0.0 0.0
0.0 0.0 0.0
0.0 0.0 0.0
0.0 0.0 0.0
0.0 0.0 0.0
0.0 0.0 0.0
0.0 0.0 0.0
0.0 0.0 0.0
0.0 0.0 0.0
0.0 0.0 0.0
0.0 0.0 0.0
0.0 0.0 0.0
0.0 0.0 0.0
0.0 0.0 0.0
0.0 0.0 0.0
0.0 0.0 0.0
0.0 0.0 0.0
0.0 0.0 0.0
0.0 0.0 0.0
0.0 0.0 0.0
0.0 0.0 0.0
0.0 0.0 0.0
0.0 0.0 0.0
0.0 0.0 0.0
-23.0 -59.0 11.571428
-54.0 26.0 16.571428
-61.0 -108.0 32.07143
-76.0 -108.0 40.714287
-61.0 -50.0 39.57143
-11.0 -65.0 53.07143
-10.0 -46.0 58.857143
-27.0 -31.0 53.142857
-34.0 -33.0 52.857143
-34.0 -33.0 45.92857
-52.0 23.0 32.714287
-67.0 20.0 15.571428
-113.0 -7.0 -1.6428572
0.0 0.0 0.0
0.0 0.0 0.0
0.0 0.0 0.0
0.0 0.0 0.0
0.0 0.0 0.0
0.0 0.0 0.0
0.0 0.0 0.0
0.0 0.0 0.0
0.0 0.0 0.0
0.0 0.0 0.0
0.0 0.0 0.0
0.0 0.0 0.0
0.0 0.0 0.0
0.0 0.0 0.0
0.0 0.0 0.0
0.0 0.0 0.0
0.0 0.0 0.0
0.0 0.0 0.0
0.0 0.0 0.0
0.0 0.0 0.0
0.0 0.0 0.0
0.0 0.0 0.0
0.0 0.0 0.0
0.0 0.0 0.0
0.0 0.0 0.0
0.0 0.0 0.0
0.0 0.0 0.0
-113.0 13.0 -19.857143
-71.0 9.0 -28.142857
-113.0 19.0 -31.857143
-113.0 5.0 -43.642857
-113.0 13.0 -54.92857
-112.0 12.0 -63.0
-113.0 -38.0 -72.21429
-113.0 -38.0 -80.14286
-113.0 -38.0 -85.78571
-9.0 -2.0 -86.21429
21.0 -13.0 -83.71429
33.0 -49.0 -72.5
27.0 -56.0 -60.357143
2.0 -108.0 -44.92857
-22.0 -108.0 -29.785715
44.0 -108.0 -13.214286
24.0 -108.0 5.642857
0.0 0.0 0.0
0.0 0.0 0.0
0.0 0.0 0.0
0.0 0.0 0.0
0.0 0.0 0.0
0.0 0.0 0.0
0.0 0.0 0.0
0.0 0.0 0.0
0.0 0.0 0.0
0.0 0.0 0.0
0.0 0.0 0.0
0.0 0.0 0.0
0.0 0.0 0.0
0.0 0.0 0.0
0.0 0.0 0.0
0.0 0.0 0.0
0.0 0.0 0.0
0.0 0.0 0.0
0.0 0.0 0.0
0.0 0.0 0.0
0.0 0.0 0.0
0.0 0.0 0.0
0.0 0.0 0.0
-14.0 38.0 10.357142
-41.0 -108.0 24.142857
-86.0 -108.0 34.57143
-79.0 -36.0 36.857143
-56.0 -11.0 39.0
-14.0 -49.0 46.857143
3.0 -71.0 52.642857
5.0 -41.0 53.5
-4.0 -17.0 48.57143
-11.0 -10.0 42.57143
-87.0 46.0 25.214285
-113.0 31.0 8.785714
-113.0 38.0 -12.857142
0.0 0.0 0.0
0.0 0.0 0.0
0.0 0.0 0.0
0.0 0.0 0.0
0.0 0.0 0.0
0.0 0.0 0.0
0.0 0.0 0.0
0.0 0.0 0.0
0.0 0.0 0.0
0.0 0.0 0.0
0.0 0.0 0.0
0.0 0.0 0.0
0.0 0.0 0.0
0.0 0.0 0.0
0.0 0.0 0.0
0.0 0.0 0.0
0.0 0.0 0.0
0.0 0.0 0.0
0.0 0.0 0.0
0.0 0.0 0.0
0.0 0.0 0.0
0.0 0.0 0.0
0.0 0.0 0.0
0.0 0.0 0.0
0.0 0.0 0.0
0.0 0.0 0.0
0.0 0.0 0.0
-113.0 14.0 -31.357143
142.0 14.0 -18.5
-113.0 23.0 -33.0
-113.0 23.0 -44.285713
-113.0 -49.0 -45.785713
-29.0 -49.0 -41.142857
-37.0 -21.0 -44.785713
-89.0 12.0 -57.285713
-79.0 7.0 -66.71429
29.0 -4.0 -65.28571
77.0 -21.0 -58.214287
-10.0 -55.0 -45.5
-9.0 -108.0 -28.142857
1.0 -108.0 -9.571428
37.0 -100.0 9.285714
0.0 0.0 0.0
0.0 0.0 0.0
0.0 0.0 0.0
0.0 0.0 0.0
0.0 0.0 0.0
0.0 0.0 0.0
0.0 0.0 0.0
0.0 0.0 0.0
0.0 0.0 0.0
0.0 0.0 0.0
0.0 0.0 0.0
0.0 0.0 0.0
0.0 0.0 0.0
0.0 0.0 0.0
0.0 0.0 0.0
0.0 0.0 0.0
0.0 0.0 0.0
0.0 0.0 0.0
0.0 0.0 0.0
0.0 0.0 0.0
0.0 0.0 0.0
0.0 0.0 0.0
0.0 0.0 0.0
0.0 0.0 0.0
0.0 0.0 0.0
26.0 -87.0 25.928572
3.0 -59.0 40.07143
-28.0 -108.0 50.357143
-16.0 -108.0 55.5
-38.0 -99.0 61.0
-59.0 -82.0 69.85714
-56.0 -89.0 78.35714
-7.0 -79.0 81.14286
-37.0 -8.0 72.07143
-37.0 -8.0 66.78571
-36.0 -8.0 57.714287
-40.0 14.0 46.07143
-113.0 8.0 27.642857
-113.0 -32.0 13.857142
-113.0 24.0 -4.0
0.0 0.0 0.0
0.0 0.0 0.0
0.0 0.0 0.0
0.0 0.0 0.0
0.0 0.0 0.0
0.0 0.0 0.0
0.0 0.0 0.0
0.0 0.0 0.0
0.0 0.0 0.0
0.0 0.0 0.0
0.0 0.0 0.0
0.0 0.0 0.0
0.0 0.0 0.0
0.0 0.0 0.0
0.0 0.0 0.0
0.0 0.0 0.0
0.0 0.0 0.0
0.0 0.0 0.0
0.0 0.0 0.0
0.0 0.0 0.0
0.0 0.0 0.0
0.0 0.0 0.0
0.0 0.0 0.0
0.0 0.0 0.0
0.0 0.0 0.0
-113.0 20.0 -17.928572
-113.0 16.0 -32.857143
-113.0 13.0 -48.42857
40.0 -91.0 -43.42857
-113.0 -62.0 -48.714287
-59.0 48.0 -58.714287
-40.0 48.0 -70.14286
23.0 17.0 -67.64286
76.0 -40.0 -57.285713
1.0 -69.0 -50.285713
11.0 -108.0 -37.92857
-47.0 -108.0 -24.928572
52.0 -108.0 -7.714286
62.0 -69.0 11.428572
0.0 0.0 0.0
0.0 0.0 0.0
0.0 0.0 0.0
0.0 0.0 0.0
0.0 0.0 0.0
0.0 0.0 0.0
0.0 0.0 0.0
0.0 0.0 0.0
0.0 0.0 0.0
0.0 0.0 0.0
0.0 0.0 0.0
0.0 0.0 0.0
0.0 0.0 0.0
0.0 0.0 0.0
0.0 0.0 0.0
0.0 0.0 0.0
0.0 0.0 0.0
0.0 0.0 0.0
0.0 0.0 0.0
0.0 0.0 0.0
0.0 0.0 0.0
0.0 0.0 0.0
0.0 0.0 0.0
0.0 0.0 0.0
0.0 0.0 0.0
0.0 0.0 0.0
27.0 -104.0 30.285715
-34.0 -9.0 37.714287
-34.0 -9.0 44.92857
-70.0 -108.0 38.285713
-61.0 -108.0 45.285713
-53.0 -37.0 51.785713
-28.0 -77.0 61.57143
-16.0 -102.0 67.28571
6.0 -61.0 63.785713
-29.0 8.0 56.142857
-54.0 31.0 41.57143
-57.0 40.0 30.285715
-80.0 61.0 8.785714
-113.0 7.0 -9.142858
0.0 0.0 0.0
0.0 0.0 0.0
0.0 0.0 0.0
0.0 0.0 0.0
0.0 0.0 0.0
0.0 0.0 0.0
0.0 0.0 0.0
0.0 0.0 0.0
0.0 0.0 0.0
0.0 0.0 0.0
0.0 0.0 0.0
0.0 0.0 0.0
0.0 0.0 0.0
0.0 0.0 0.0
0.0 0.0 0.0
0.0 0.0 0.0
0.0 0.0 0.0
0.0 0.0 0.0
0.0 0.0 0.0
0.0 0.0 0.0
0.0 0.0 0.0
0.0 0.0 0.0
0.0 0.0 0.0
0.0 0.0 0.0
0.0 0.0 0.0
0.0 0.0 0.0
-106.0 78.0 -31.642857
-113.0 29.0 -40.0
-82.0 5.0 -44.42857
-113.0 23.0 -56.857143
-107.0 9.0 -68.5
-113.0 9.0 -76.07143
-69.0 -108.0 -76.78571
-21.0 0.0 -84.42857
-76.0 27.0 -96.57143
-68.0 12.0 -99.64286
69.0 -53.0 -84.85714
81.0 -105.0 -64.64286
-21.0 -108.0 -48.357143
24.0 -108.0 -30.357143
13.0 -108.0 -8.571428
31.0 -79.0 9.428572
0.0 0.0 0.0
0.0 0.0 0.0
0.0 0.0 0.0
0.0 0.0 0.0
0.0 0.0 0.0
0.0 0.0 0.0
0.0 0.0 0.0
0.0 0.0 0.0
0.0 0.0 0.0
0.0 0.0 0.0
0.0 0.0 0.0
0.0 0.0 0.0
0.0 0.0 0.0
0.0 0.0 0.0
0.0 0.0 0.0
0.0 0.0 0.0
0.0 0.0 0.0
0.0 0.0 0.0
0.0 0.0 0.0
0.0 0.0 0.0
0.0 0.0 0.0
0.0 0.0 0.0
0.0 0.0 0.0
0.0 0.0 0.0
7.0 -69.0 21.071428
-19.0 -108.0 37.142857
-41.0 -51.0 46.142857
-79.0 -108.0 56.92857
-80.0 -108.0 56.142857
-52.0 -108.0 61.642857
-15.0 -51.0 71.57143
-12.0 -61.0 80.78571
-12.0 -32.0 73.5
-33.0 -23.0 59.5
-33.0 -23.0 52.57143
-6.0 26.0 40.857143
-29.0 51.0 26.5
-113.0 51.0 6.928571
-113.0 1.0 -6.642857
0.0 0.0 0.0
0.0 0.0 0.0
0.0 0.0 0.0
0.0 0.0 0.0
0.0 0.0 0.0
0.0 0.0 0.0
0.0 0.0 0.0
0.0 0.0 0.0
0.0 0.0 0.0
0.0 0.0 0.0
0.0 0.0 0.0
0.0 0.0 0.0
0.0 0.0 0.0
0.0 0.0 0.0
0.0 0.0 0.0
0.0 0.0 0.0
0.0 0.0 0.0
0.0 0.0 0.0
0.0 0.0 0.0
0.0 0.0 0.0
0.0 0.0 0.0
0.0 0.0 0.0
0.0 0.0 0.0
0.0 0.0 0.0
0.0 0.0 0.0
-113.0 48.0 -24.5
142.0 -18.0 -13.785714
142.0 -18.0 -4.428571
-55.0 -5.0 -10.0
-113.0 0.0 -22.071428
-100.0 -31.0 -29.571428
-79.0 -2.0 -38.57143
-48.0 -8.0 -42.857143
-36.0 43.0 -47.785713
31.0 27.0 -46.785713
48.0 16.0 -42.214287
10.0 -3.0 -35.57143
7.0 -9.0 -22.714285
-46.0 -108.0 -10.142858
22.0 -108.0 10.642858
0.0 0.0 0.0
0.0 0.0 0.0
0.0 0.0 0.0
0.0 0.0 0.0
0.0 0.0 0.0
0.0 0.0 0.0
0.0 0.0 0.0
0.0 0.0 0.0
0.0 0.0 0.0
0.0 0.0 0.0
0.0 0.0 0.0
0.0 0.0 0.0
0.0 0.0 0.0
0.0 0.0 0.0
0.0 0.0 0.0
0.0 0.0 0.0
0.0 0.0 0.0
0.0 0.0 0.0
0.0 0.0 0.0
0.0 0.0 0.0
0.0 0.0 0.0
0.0 0.0 0.0
0.0 0.0 0.0
0.0 0.0 0.0
0.0 0.0 0.0
-18.0 -108.0 16.928572
-54.0 -107.0 26.214285
-67.0 -108.0 32.0
-82.0 -51.0 35.42857
-44.0 -32.0 34.285713
11.0 -80.0 38.5
0.0 -81.0 43.357143
-13.0 11.0 40.5
-33.0 5.0 33.357143
-60.0 8.0 19.214285
-113.0 81.0 -3.357143
-113.0 27.0 -19.357143
-113.0 29.0 -31.142857
-113.0 37.0 -31.642857
142.0 12.0 -28.785715
142.0 7.0 -22.928572
-105.0 18.0 -34.642857
-113.0 8.0 -41.07143
-12.0 -34.0 -38.642857
-100.0 6.0 -52.714287
-79.0 41.0 -67.07143
-19.0 40.0 -69.57143
70.0 -7.0 -61.357143
45.0 -44.0 -50.142857
0.0 -108.0 -28.571428
32.0 -108.0 -8.571428
36.0 -108.0 11.857142
0.0 0.0 0.0
0.0 0.0 0.0
0.0 0.0 0.0
0.0 0.0 0.0
0.0 0.0 0.0
0.0 0.0 0.0
0.0 0.0 0.0
0.0 0.0 0.0
0.0 0.0 0.0
0.0 0.0 0.0
0.0 0.0 0.0
0.0 0.0 0.0
0.0 0.0 0.0
29.0 -92.0 31.214285
-4.0 -108.0 29.357143
-4.0 -108.0 27.142857
-7.0 107.0 27.785715
-21.0 -108.0 42.642857
-64.0 -108.0 44.214287
-56.0 8.0 47.214287
-16.0 -46.0 57.92857
-6.0 -83.0 67.64286
-33.0 -27.0 61.714287
-76.0 -11.0 50.714287
-32.0 75.0 35.357143
-40.0 85.0 16.428572
-113.0 -8.0 -1.3571428
0.0 0.0 0.0
0.0 0.0 0.0
0.0 0.0 0.0
0.0 0.0 0.0
0.0 0.0 0.0
0.0 0.0 0.0
0.0 0.0 0.0
0.0 0.0 0.0
0.0 0.0 0.0
0.0 0.0 0.0
0.0 0.0 0.0
0.0 0.0 0.0
0.0 0.0 0.0
0.0 0.0 0.0
0.0 0.0 0.0
0.0 0.0 0.0
0.0 0.0 0.0
0.0 0.0 0.0
0.0 0.0 0.0
0.0 0.0 0.0
0.0 0.0 0.0
0.0 0.0 0.0
0.0 0.0 0.0
0.0 0.0 0.0
0.0 0.0 0.0
0.0 0.0 0.0
-101.0 46.0 -20.5
-40.0 34.0 -33.214287
-113.0 36.0 -51.285713
142.0 20.0 -34.42857
-113.0 3.0 -48.92857
-113.0 -31.0 -57.92857
-67.0 -67.0 -53.357143
-79.0 -14.0 -60.142857
-22.0 11.0 -68.0
-65.0 11.0 -73.0
36.0 -35.0 -63.285713
14.0 -90.0 -48.214287
-32.0 -81.0 -35.785713
-5.0 -70.0 -23.642857
50.0 -108.0 -1.8571428
43.0 -90.0 12.928572
0.0 0.0 0.0
0.0 0.0 0.0
0.0 0.0 0.0
0.0 0.0 0.0
0.0 0.0 0.0
0.0 0.0 0.0
0.0 0.0 0.0
0.0 0.0 0.0
0.0 0.0 0.0
0.0 0.0 0.0
0.0 0.0 0.0
0.0 0.0 0.0
0.0 0.0 0.0
0.0 0.0 0.0
0.0 0.0 0.0
0.0 0.0 0.0
0.0 0.0 0.0
0.0 0.0 0.0
0.0 0.0 0.0
0.0 0.0 0.0
0.0 0.0 0.0
0.0 0.0 0.0
0.0 0.0 0.0
0.0 0.0 0.0
26.0 -108.0 33.142857
8.0 -108.0 32.714287
0.0 120.0 32.42857
-9.0 9.0 37.0
-73.0 -108.0 39.5
-52.0 22.0 38.857143
-35.0 -76.0 44.142857
-20.0 -86.0 54.285713
-18.0 -40.0 50.785713
-39.0 -6.0 41.0
-16.0 -5.0 36.714287
0.0 10.0 31.357143
-50.0 -31.0 18.714285
-113.0 32.0 -1.1428572
0.0 0.0 0.0
0.0 0.0 0.0
0.0 0.0 0.0
0.0 0.0 0.0
0.0 0.0 0.0
0.0 0.0 0.0
0.0 0.0 0.0
0.0 0.0 0.0
0.0 0.0 0.0
0.0 0.0 0.0
0.0 0.0 0.0
0.0 0.0 0.0
0.0 0.0 0.0
0.0 0.0 0.0
0.0 0.0 0.0
0.0 0.0 0.0
0.0 0.0 0.0
0.0 0.0 0.0
0.0 0.0 0.0
0.0 0.0 0.0
0.0 0.0 0.0
0.0 0.0 0.0
0.0 0.0 0.0
0.0 0.0 0.0
0.0 0.0 0.0
0.0 0.0 0.0
-110.0 53.0 -22.357143
-101.0 45.0 -41.07143
142.0 48.0 -25.785715
-113.0 13.0 -33.5
-78.0 25.0 -43.357143
-113.0 -29.0 -44.07143
-63.0 -65.0 -46.857143
-31.0 -39.0 -51.0
-28.0 3.0 -54.785713
8.0 -5.0 -51.5
25.0 -28.0 -46.92857
-6.0 -93.0 -40.0
-15.0 -108.0 -32.0
46.0 -108.0 -10.642858
53.0 -108.0 12.5
0.0 0.0 0.0
0.0 0.0 0.0
0.0 0.0 0.0
0.0 0.0 0.0
0.0 0.0 0.0
0.0 0.0 0.0
0.0 0.0 0.0
0.0 0.0 0.0
0.0 0.0 0.0
0.0 0.0 0.0
0.0 0.0 0.0
0.0 0.0 0.0
0.0 0.0 0.0
0.0 0.0 0.0
0.0 0.0 0.0
0.0 0.0 0.0
0.0 0.0 0.0
0.0 0.0 0.0
0.0 0.0 0.0
0.0 0.0 0.0
0.0 0.0 0.0
0.0 0.0 0.0
0.0 0.0 0.0
0.0 0.0 0.0
0.0 0.0 0.0
40.0 -92.0 32.357143
12.0 -108.0 34.214287
12.0 -108.0 51.785713
-21.0 81.0 51.857143
-62.0 -108.0 61.142857
-73.0 -51.0 59.42857
-53.0 -81.0 60.857143
-37.0 -96.0 67.28571
-11.0 -2.0 65.71429
-23.0 -21.0 61.785713
-31.0 -25.0 55.142857
-71.0 30.0 41.285713
-113.0 100.0 15.071428
-113.0 76.0 -9.928572
0.0 0.0 0.0
0.0 0.0 0.0
0.0 0.0 0.0
0.0 0.0 0.0
0.0 0.0 0.0
0.0 0.0 0.0
0.0 0.0 0.0
0.0 0.0 0.0
0.0 0.0 0.0
0.0 0.0 0.0
0.0 0.0 0.0
0.0 0.0 0.0
0.0 0.0 0.0
0.0 0.0 0.0
0.0 0.0 0.0
0.0 0.0 0.0
0.0 0.0 0.0
0.0 0.0 0.0
0.0 0.0 0.0
0.0 0.0 0.0
0.0 0.0 0.0
0.0 0.0 0.0
0.0 0.0 0.0
0.0 0.0 0.0
0.0 0.0 0.0
0.0 0.0 0.0
-113.0 58.0 -31.571428
-67.0 59.0 -49.142857
80.0 34.0 -54.42857
-64.0 -1.0 -51.642857
-64.0 -1.0 -59.42857
-113.0 -10.0 -65.21429
-74.0 -64.0 -67.92857
-36.0 -51.0 -71.07143
-68.0 -30.0 -73.14286
-101.0 -12.0 -79.35714
-30.0 -38.0 -78.35714
21.0 -68.0 -64.78571
7.0 -108.0 -41.357143
8.0 -108.0 -19.571428
6.0 -108.0 0.78571427
0.0 0.0 0.0
0.0 0.0 0.0
0.0 0.0 0.0
0.0 0.0 0.0
0.0 0.0 0.0
0.0 0.0 0.0
0.0 0.0 0.0
0.0 0.0 0.0
0.0 0.0 0.0
0.0 0.0 0.0
0.0 0.0 0.0
0.0 0.0 0.0
0.0 0.0 0.0
0.0 0.0 0.0
0.0 0.0 0.0
0.0 0.0 0.0
0.0 0.0 0.0
0.0 0.0 0.0
0.0 0.0 0.0
0.0 0.0 0.0
0.0 0.0 0.0
0.0 0.0 0.0
0.0 0.0 0.0
0.0 0.0 0.0
0.0 0.0 0.0
-68.0 -32.0 -11.0
-54.0 -32.0 -12.857142
-41.0 -19.0 -14.857142
-4.0 -32.0 -13.285714
29.0 -76.0 -5.928571
-16.0 -108.0 0.2857143
-16.0 -108.0 6.785714
48.0 -107.0 18.071428
-11.0 -26.0 20.5
-9.0 93.0 13.642858
-80.0 -40.0 10.428572
-94.0 -108.0 13.714286
-34.0 -26.0 15.428572
-43.0 -27.0 18.214285
-43.0 -27.0 19.642857
-19.0 -45.0 23.071428
8.0 -64.0 29.785715
36.0 -88.0 36.642857
10.0 -104.0 37.285713
4.0 52.0 27.285715
-111.0 -26.0 14.642858
-111.0 -26.0 -2.5
0.0 0.0 0.0
0.0 0.0 0.0
0.0 0.0 0.0
0.0 0.0 0.0
0.0 0.0 0.0
0.0 0.0 0.0
0.0 0.0 0.0
0.0 0.0 0.0
0.0 0.0 0.0
0.0 0.0 0.0
0.0 0.0 0.0
0.0 0.0 0.0
0.0 0.0 0.0
0.0 0.0 0.0
0.0 0.0 0.0
0.0 0.0 0.0
0.0 0.0 0.0
0.0 0.0 0.0
144.0 23.0 11.0
-78.0 -16.0 7.714286
-29.0 5.0 6.428571
-75.0 -39.0 2.0
-69.0 59.0 -12.285714
-69.0 59.0 -30.285715
0.0 65.0 -43.07143
36.0 -41.0 -34.142857
-53.0 -83.0 -25.928572
-53.0 -92.0 -17.071428
46.0 -96.0 -6.714286
28.0 -108.0 3.2142856
0.0 0.0 0.0
0.0 0.0 0.0
0.0 0.0 0.0
0.0 0.0 0.0
0.0 0.0 0.0
0.0 0.0 0.0
0.0 0.0 0.0
0.0 0.0 0.0
0.0 0.0 0.0
0.0 0.0 0.0
0.0 0.0 0.0
0.0 0.0 0.0
0.0 0.0 0.0
0.0 0.0 0.0
0.0 0.0 0.0
0.0 0.0 0.0
0.0 0.0 0.0
0.0 0.0 0.0
0.0 0.0 0.0
0.0 0.0 0.0
0.0 0.0 0.0
0.0 0.0 0.0
0.0 0.0 0.0
0.0 0.0 0.0
0.0 0.0 0.0
0.0 0.0 0.0
0.0 0.0 0.0
0.0 0.0 0.0
39.0 -63.0 22.5
43.0 -71.0 22.0
35.0 -107.0 23.5
5.0 -108.0 36.0
6.0 -32.0 41.142857
-11.0 32.0 40.642857
-82.0 -108.0 51.642857
-82.0 -108.0 62.642857
-70.0 -108.0 70.0
-24.0 -29.0 64.85714
-32.0 -99.0 67.5
-17.0 -99.0 70.57143
5.0 -39.0 63.57143
-49.0 -12.0 51.214287
-86.0 3.0 37.57143
-111.0 12.0 20.642857
-111.0 12.0 1.7142857
-96.0 18.0 -14.5
0.0 0.0 0.0
0.0 0.0 0.0
0.0 0.0 0.0
0.0 0.0 0.0
0.0 0.0 0.0
0.0 0.0 0.0
0.0 0.0 0.0
0.0 0.0 0.0
0.0 0.0 0.0
0.0 0.0 0.0
0.0 0.0 0.0
0.0 0.0 0.0
0.0 0.0 0.0
0.0 0.0 0.0
0.0 0.0 0.0
0.0 0.0 0.0
0.0 0.0 0.0
0.0 0.0 0.0
0.0 0.0 0.0
0.0 0.0 0.0
0.0 0.0 0.0
0.0 0.0 0.0
-26.0 7.0 -19.571428
-111.0 7.0 -24.928572
144.0 -4.0 -16.214285
-85.0 4.0 -24.428572
-91.0 30.0 -35.785713
15.0 -46.0 -31.785715
-55.0 -78.0 -34.92857
-111.0 32.0 -51.0
-111.0 32.0 -64.35714
-31.0 -12.0 -63.07143
47.0 -40.0 -50.5
-89.0 -61.0 -43.714287
-89.0 -61.0 -36.92857
-25.0 -108.0 -22.857143
48.0 -108.0 -9.357142
7.0 -88.0 5.857143
0.0 0.0 0.0
0.0 0.0 0.0
0.0 0.0 0.0
0.0 0.0 0.0
0.0 0.0 0.0
0.0 0.0 0.0
0.0 0.0 0.0
0.0 0.0 0.0
0.0 0.0 0.0
0.0 0.0 0.0
0.0 0.0 0.0
0.0 0.0 0.0
0.0 0.0 0.0
0.0 0.0 0.0
0.0 0.0 0.0
0.0 0.0 0.0
0.0 0.0 0.0
0.0 0.0 0.0
0.0 0.0 0.0
0.0 0.0 0.0
0.0 0.0 0.0
0.0 0.0 0.0
0.0 0.0 0.0
0.0 0.0 0.0
-7.0 -5.0 17.428572
-18.0 -108.0 19.5
-18.0 -108.0 24.285715
-55.0 -32.0 32.857143
-9.0 30.0 40.285713
-8.0 -57.0 45.142857
-11.0 -6.0 38.57143
-10.0 9.0 39.214287
-10.0 -21.0 42.0
6.0 4.0 36.214287
-58.0 8.0 20.357143
-111.0 25.0 3.857143
-111.0 38.0 -14.214286
0.0 0.0 0.0
0.0 0.0 0.0
0.0 0.0 0.0
0.0 0.0 0.0
0.0 0.0 0.0
0.0 0.0 0.0
0.0 0.0 0.0
0.0 0.0 0.0
0.0 0.0 0.0
0.0 0.0 0.0
0.0 0.0 0.0
0.0 0.0 0.0
0.0 0.0 0.0
0.0 0.0 0.0
0.0 0.0 0.0
0.0 0.0 0.0
0.0 0.0 0.0
0.0 0.0 0.0
0.0 0.0 0.0
0.0 0.0 0.0
0.0 0.0 0.0
0.0 0.0 0.0
0.0 0.0 0.0
0.0 0.0 0.0
0.0 0.0 0.0
0.0 0.0 0.0
0.0 0.0 0.0
-111.0 41.0 -24.928572
144.0 25.0 -16.285715
144.0 24.0 -14.142858
144.0 17.0 -11.5
-111.0 -14.0 -16.785715
22.0 -95.0 -5.642857
-76.0 -31.0 -12.357142
-53.0 34.0 -18.214285
-33.0 13.0 -20.142857
-33.0 13.0 -24.214285
53.0 -68.0 -15.714286
21.0 -94.0 -2.7857144
7.0 -97.0 14.357142
0.0 0.0 0.0
0.0 0.0 0.0
0.0 0.0 0.0
0.0 0.0 0.0
0.0 0.0 0.0
0.0 0.0 0.0
0.0 0.0 0.0
0.0 0.0 0.0
0.0 0.0 0.0
0.0 0.0 0.0
0.0 0.0 0.0
0.0 0.0 0.0
0.0 0.0 0.0
0.0 0.0 0.0
0.0 0.0 0.0
0.0 0.0 0.0
0.0 0.0 0.0
0.0 0.0 0.0
0.0 0.0 0.0
0.0 0.0 0.0
0.0 0.0 0.0
0.0 0.0 0.0
0.0 0.0 0.0
0.0 0.0 0.0
0.0 0.0 0.0
0.0 0.0 0.0
0.0 0.0 0.0
48.0 -35.0 30.928572
20.0 -35.0 45.714287
20.0 -35.0 41.142857
-11.0 -101.0 39.0
-1.0 -11.0 30.642857
-1.0 147.0 27.0
7.0 33.0 16.785715
-29.0 -108.0 25.642857
-64.0 -106.0 34.857143
-64.0 -106.0 41.142857
20.0 13.0 44.92857
8.0 -91.0 43.357143
-5.0 -40.0 37.642857
12.0 -23.0 32.714287
15.0 10.0 27.142857
-97.0 -16.0 17.428572
-111.0 -22.0 7.142857
-111.0 -22.0 -5.642857
0.0 0.0 0.0
0.0 0.0 0.0
0.0 0.0 0.0
0.0 0.0 0.0
0.0 0.0 0.0
0.0 0.0 0.0
0.0 0.0 0.0
0.0 0.0 0.0
0.0 0.0 0.0
0.0 0.0 0.0
0.0 0.0 0.0
0.0 0.0 0.0
0.0 0.0 0.0
0.0 0.0 0.0
0.0 0.0 0.0
0.0 0.0 0.0
0.0 0.0 0.0
0.0 0.0 0.0
0.0 0.0 0.0
0.0 0.0 0.0
0.0 0.0 0.0
0.0 0.0 0.0
-53.0 44.0 -13.285714
-39.0 13.0 -6.428571
83.0 20.0 -0.071428575
-100.0 3.0 -13.071428
-111.0 48.0 -27.428572
-109.0 -32.0 -35.92857
-109.0 -32.0 -41.92857
-75.0 45.0 -57.57143
-34.0 22.0 -64.07143
-34.0 22.0 -70.57143
28.0 -24.0 -67.21429
-11.0 -74.0 -56.92857
-1.0 -108.0 -42.92857
55.0 -108.0 -24.928572
55.0 -108.0 -6.357143
55.0 -108.0 9.0
0.0 0.0 0.0
0.0 0.0 0.0
0.0 0.0 0.0
0.0 0.0 0.0
0.0 0.0 0.0
0.0 0.0 0.0
0.0 0.0 0.0
0.0 0.0 0.0
0.0 0.0 0.0
0.0 0.0 0.0
0.0 0.0 0.0
0.0 0.0 0.0
0.0 0.0 0.0
0.0 0.0 0.0
0.0 0.0 0.0
0.0 0.0 0.0
0.0 0.0 0.0
0.0 0.0 0.0
0.0 0.0 0.0
0.0 0.0 0.0
0.0 0.0 0.0
0.0 0.0 0.0
0.0 0.0 0.0
0.0 0.0 0.0
10.0 -105.0 12.714286
-1.0 147.0 9.5
4.0 -108.0 28.857143
10.0 -108.0 42.785713
-28.0 -108.0 54.0
-42.0 -108.0 67.28571
-5.0 -31.0 73.14286
-2.0 -80.0 82.71429
-16.0 -80.0 83.57143
-22.0 -15.0 78.57143
28.0 14.0 71.92857
0.0 -25.0 62.07143
-36.0 -25.0 49.642857
-111.0 -48.0 33.5
-111.0 59.0 13.142858
-111.0 -6.0 16.214285
-111.0 5.0 -0.071428575
0.0 0.0 0.0
0.0 0.0 0.0
0.0 0.0 0.0
0.0 0.0 0.0
0.0 0.0 0.0
0.0 0.0 0.0
0.0 0.0 0.0
0.0 0.0 0.0
0.0 0.0 0.0
0.0 0.0 0.0
0.0 0.0 0.0
0.0 0.0 0.0
0.0 0.0 0.0
0.0 0.0 0.0
0.0 0.0 0.0
0.0 0.0 0.0
0.0 0.0 0.0
0.0 0.0 0.0
0.0 0.0 0.0
0.0 0.0 0.0
0.0 0.0 0.0
0.0 0.0 0.0
0.0 0.0 0.0
-111.0 -2.0 -16.285715
-111.0 23.0 -31.571428
-111.0 23.0 -45.857143
-92.0 -10.0 -53.57143
-96.0 -24.0 -64.28571
-37.0 69.0 -76.42857
-37.0 29.0 -80.64286
37.0 -35.0 -76.5
-74.0 -96.0 -76.71429
-62.0 -84.0 -74.35714
-62.0 -84.0 -68.28571
39.0 -108.0 -45.642857
43.0 -108.0 -27.357143
4.0 -108.0 -11.071428
4.0 -108.0 4.714286
0.0 0.0 0.0
0.0 0.0 0.0
0.0 0.0 0.0
0.0 0.0 0.0
0.0 0.0 0.0
0.0 0.0 0.0
0.0 0.0 0.0
0.0 0.0 0.0
0.0 0.0 0.0
0.0 0.0 0.0
0.0 0.0 0.0
0.0 0.0 0.0
0.0 0.0 0.0
0.0 0.0 0.0
0.0 0.0 0.0
0.0 0.0 0.0
0.0 0.0 0.0
0.0 0.0 0.0
0.0 0.0 0.0
0.0 0.0 0.0
0.0 0.0 0.0
0.0 0.0 0.0
0.0 0.0 0.0
0.0 0.0 0.0
0.0 0.0 0.0
-17.0 -108.0 20.785715
-17.0 -108.0 36.857143
3.0 110.0 35.07143
-70.0 -108.0 42.92857
1.0 -56.0 54.57143
1.0 -56.0 63.357143
-5.0 -91.0 64.35714
-29.0 31.0 58.5
-3.0 4.0 56.42857
-26.0 31.0 50.785713
-59.0 34.0 33.642857
-101.0 -5.0 16.0
-111.0 -20.0 1.5
-111.0 -14.0 -13.428572
0.0 0.0 0.0
0.0 0.0 0.0
0.0 0.0 0.0
0.0 0.0 0.0
0.0 0.0 0.0
0.0 0.0 0.0
0.0 0.0 0.0
0.0 0.0 0.0
0.0 0.0 0.0
0.0 0.0 0.0
0.0 0.0 0.0
0.0 0.0 0.0
0.0 0.0 0.0
0.0 0.0 0.0
0.0 0.0 0.0
0.0 0.0 0.0
0.0 0.0 0.0
0.0 0.0 0.0
0.0 0.0 0.0
0.0 0.0 0.0
0.0 0.0 0.0
0.0 0.0 0.0
0.0 0.0 0.0
0.0 0.0 0.0
0.0 0.0 0.0
0.0 0.0 0.0
-111.0 -38.0 -20.285715
-111.0 -24.0 -18.857143
-69.0 33.0 -28.857143
-69.0 -21.0 -36.357143
-111.0 -35.0 -45.857143
-69.0 79.0 -62.57143
-69.0 77.0 -68.71429
-21.0 28.0 -71.71429
22.0 -47.0 -62.714287
-63.0 -92.0 -54.0
-63.0 -92.0 -45.07143
-16.0 -108.0 -32.0
30.0 -108.0 -15.214286
4.0 -108.0 -18.571428
12.0 -69.0 -7.571429
14.0 -21.0 1.1428572
0.0 0.0 0.0
0.0 0.0 0.0
0.0 0.0 0.0
0.0 0.0 0.0
0.0 0.0 0.0
0.0 0.0 0.0
0.0 0.0 0.0
0.0 0.0 0.0
0.0 0.0 0.0
0.0 0.0 0.0
0.0 0.0 0.0
0.0 0.0 0.0
0.0 0.0 0.0
0.0 0.0 0.0
0.0 0.0 0.0
0.0 0.0 0.0
0.0 0.0 0.0
0.0 0.0 0.0
0.0 0.0 0.0
0.0 0.0 0.0
0.0 0.0 0.0
0.0 0.0 0.0
0.0 0.0 0.0
0.0 0.0 0.0
2.0 -83.0 14.5
2.0 -83.0 24.0
-62.0 -108.0 32.714287
-78.0 -108.0 45.42857
-27.0 -14.0 54.92857
29.0 -108.0 68.21429
24.0 -108.0 72.71429
-6.0 -16.0 71.35714
-19.0 27.0 66.0
-55.0 -24.0 57.214287
-79.0 -13.0 42.642857
-111.0 -7.0 27.214285
-111.0 61.0 9.142858
-90.0 18.0 -1.0714285
0.0 0.0 0.0
0.0 0.0 0.0
0.0 0.0 0.0
0.0 0.0 0.0
0.0 0.0 0.0
0.0 0.0 0.0
0.0 0.0 0.0
0.0 0.0 0.0
0.0 0.0 0.0
0.0 0.0 0.0
0.0 0.0 0.0
0.0 0.0 0.0
0.0 0.0 0.0
0.0 0.0 0.0
0.0 0.0 0.0
0.0 0.0 0.0
0.0 0.0 0.0
0.0 0.0 0.0
0.0 0.0 0.0
0.0 0.0 0.0
0.0 0.0 0.0
0.0 0.0 0.0
0.0 0.0 0.0
0.0 0.0 0.0
0.0 0.0 0.0
0.0 0.0 0.0
-111.0 18.0 -21.214285
-111.0 -11.0 -27.428572
-80.0 -24.0 -41.214287
-75.0 19.0 -57.357143
-75.0 19.0 -64.78571
-13.0 55.0 -66.35714
59.0 -18.0 -58.642857
-46.0 -95.0 -50.42857
-49.0 -108.0 -38.785713
41.0 -108.0 -15.857142
22.0 -108.0 1.1428572
22.0 -108.0 2.5
21.0 -72.0 1.2142857
5.0 -48.0 14.214286
10.0 -19.0 25.5
10.0 -19.0 34.714287
-29.0 -108.0 44.357143
-88.0 -108.0 52.5
-24.0 -70.0 62.5
-24.0 -70.0 70.64286
6.0 -100.0 72.71429
-18.0 -27.0 69.85714
24.0 35.0 64.85714
24.0 52.0 52.214287
-4.0 13.0 41.714287
-111.0 -55.0 28.428572
-111.0 57.0 9.785714
-111.0 57.0 -6.0
0.0 0.0 0.0
0.0 0.0 0.0
0.0 0.0 0.0
0.0 0.0 0.0
0.0 0.0 0.0
0.0 0.0 0.0
0.0 0.0 0.0
0.0 0.0 0.0
0.0 0.0 0.0
0.0 0.0 0.0
0.0 0.0 0.0
0.0 0.0 0.0
-54.0 -9.0 -11.285714
-54.0 5.0 -17.571428
144.0 16.0 -14.071428
-111.0 35.0 -25.928572
-111.0 35.0 -39.642857
-111.0 -24.0 -49.142857
-38.0 37.0 -62.07143
-38.0 66.0 -70.14286
26.0 33.0 -69.85714
56.0 -34.0 -61.42857
-44.0 -66.0 -58.642857
-44.0 -66.0 -53.07143
-34.0 -55.0 -39.57143
43.0 -108.0 -16.785715
33.0 -108.0 -3.5
3.0 -102.0 8.214286
0.0 0.0 0.0
0.0 0.0 0.0
0.0 0.0 0.0
0.0 0.0 0.0
0.0 0.0 0.0
0.0 0.0 0.0
0.0 0.0 0.0
0.0 0.0 0.0
0.0 0.0 0.0
0.0 0.0 0.0
0.0 0.0 0.0
0.0 0.0 0.0
0.0 0.0 0.0
0.0 0.0 0.0
0.0 0.0 0.0
0.0 0.0 0.0
0.0 0.0 0.0
0.0 0.0 0.0
0.0 0.0 0.0
0.0 0.0 0.0
0.0 0.0 0.0
0.0 0.0 0.0
0.0 0.0 0.0
0.0 0.0 0.0
-49.0 -108.0 20.357143
-49.0 -108.0 35.0
-5.0 -73.0 46.07143
-36.0 -108.0 56.57143
30.0 -90.0 72.57143
30.0 -90.0 81.64286
-2.0 -34.0 77.5
-22.0 2.0 74.21429
-42.0 27.0 67.71429
-42.0 27.0 61.285713
-95.0 60.0 39.42857
-111.0 -33.0 23.785715
-111.0 34.0 5.928571
-111.0 34.0 -11.071428
0.0 0.0 0.0
0.0 0.0 0.0
0.0 0.0 0.0
0.0 0.0 0.0
0.0 0.0 0.0
0.0 0.0 0.0
0.0 0.0 0.0
0.0 0.0 0.0
0.0 0.0 0.0
0.0 0.0 0.0
0.0 0.0 0.0
0.0 0.0 0.0
0.0 0.0 0.0
0.0 0.0 0.0
0.0 0.0 0.0
0.0 0.0 0.0
0.0 0.0 0.0
0.0 0.0 0.0
0.0 0.0 0.0
0.0 0.0 0.0
0.0 0.0 0.0
0.0 0.0 0.0
0.0 0.0 0.0
0.0 0.0 0.0
0.0 0.0 0.0
0.0 0.0 0.0
-109.0 12.0 -23.928572
-109.0 12.0 -36.785713
-111.0 6.0 -50.0
-111.0 6.0 -63.5
-111.0 6.0 -80.42857
-6.0 -42.0 -86.42857
-102.0 65.0 -100.64286
-102.0 65.0 -110.85714
-2.0 30.0 -108.21429
29.0 -30.0 -99.07143
-41.0 -65.0 -86.28571
-18.0 -80.0 -76.28571
28.0 -108.0 -56.214287
38.0 -108.0 -35.42857
24.0 -84.0 -19.071428
11.0 -37.0 -7.0
11.0 -37.0 4.785714
0.0 0.0 0.0
0.0 0.0 0.0
0.0 0.0 0.0
0.0 0.0 0.0
0.0 0.0 0.0
0.0 0.0 0.0
0.0 0.0 0.0
0.0 0.0 0.0
0.0 0.0 0.0
0.0 0.0 0.0
0.0 0.0 0.0
0.0 0.0 0.0
0.0 0.0 0.0
0.0 0.0 0.0
0.0 0.0 0.0
0.0 0.0 0.0
0.0 0.0 0.0
0.0 0.0 0.0
0.0 0.0 0.0
0.0 0.0 0.0
0.0 0.0 0.0
0.0 0.0 0.0
0.0 0.0 0.0
-23.0 -108.0 24.428572
-62.0 -53.0 21.214285
-78.0 -108.0 35.285713
-3.0 -82.0 52.857143
23.0 -74.0 62.07143
8.0 -32.0 60.714287
3.0 -23.0 60.857143
9.0 -6.0 57.5
-23.0 -3.0 46.357143
-61.0 -42.0 34.57143
-111.0 45.0 15.714286
-111.0 49.0 0.85714287
-111.0 24.0 -12.214286
0.0 0.0 0.0
0.0 0.0 0.0
0.0 0.0 0.0
0.0 0.0 0.0
0.0 0.0 0.0
0.0 0.0 0.0
0.0 0.0 0.0
0.0 0.0 0.0
0.0 0.0 0.0
0.0 0.0 0.0
0.0 0.0 0.0
0.0 0.0 0.0
0.0 0.0 0.0
0.0 0.0 0.0
0.0 0.0 0.0
0.0 0.0 0.0
0.0 0.0 0.0
0.0 0.0 0.0
0.0 0.0 0.0
0.0 0.0 0.0
0.0 0.0 0.0
0.0 0.0 0.0
0.0 0.0 0.0
0.0 0.0 0.0
0.0 0.0 0.0
0.0 0.0 0.0
0.0 0.0 0.0
11.0 28.0 -10.285714
11.0 28.0 -17.571428
11.0 28.0 -18.142857
-111.0 -19.0 -26.857143
-56.0 -90.0 -30.071428
-56.0 -90.0 -34.57143
-57.0 27.0 -43.42857
9.0 6.0 -45.07143
47.0 -4.0 -42.5
-34.0 -45.0 -40.285713
-34.0 -45.0 -38.142857
-11.0 -108.0 -20.071428
18.0 -108.0 0.35714287
0.0 0.0 0.0
0.0 0.0 0.0
0.0 0.0 0.0
0.0 0.0 0.0
0.0 0.0 0.0
0.0 0.0 0.0
0.0 0.0 0.0
0.0 0.0 0.0
0.0 0.0 0.0
0.0 0.0 0.0
0.0 0.0 0.0
0.0 0.0 0.0
0.0 0.0 0.0
0.0 0.0 0.0
0.0 0.0 0.0
0.0 0.0 0.0
0.0 0.0 0.0
0.0 0.0 0.0
0.0 0.0 0.0
0.0 0.0 0.0
0.0 0.0 0.0
0.0 0.0 0.0
0.0 0.0 0.0
0.0 0.0 0.0
0.0 0.0 0.0
0.0 0.0 0.0
0.0 0.0 0.0
-7.0 -69.0 14.428572
-7.0 -69.0 20.071428
0.0 -81.0 27.071428
9.0 -108.0 36.642857
-4.0 -55.0 46.857143
-26.0 -74.0 47.857143
-59.0 -108.0 48.92857
-17.0 -59.0 57.92857
25.0 -56.0 63.5
12.0 -27.0 62.642857
-19.0 4.0 60.214287
-2.0 -11.0 60.07143
-48.0 2.0 49.57143
-111.0 -37.0 35.285713
-111.0 -37.0 25.571428
-111.0 25.0 11.428572
-111.0 20.0 -3.7142856
0.0 0.0 0.0
0.0 0.0 0.0
0.0 0.0 0.0
0.0 0.0 0.0
0.0 0.0 0.0
0.0 0.0 0.0
0.0 0.0 0.0
0.0 0.0 0.0
0.0 0.0 0.0
0.0 0.0 0.0
0.0 0.0 0.0
0.0 0.0 0.0
0.0 0.0 0.0
0.0 0.0 0.0
0.0 0.0 0.0
0.0 0.0 0.0
0.0 0.0 0.0
0.0 0.0 0.0
0.0 0.0 0.0
0.0 0.0 0.0
0.0 0.0 0.0
0.0 0.0 0.0
0.0 0.0 0.0
-88.0 39.0 -15.285714
-19.0 13.0 -23.357143
-111.0 36.0 -36.642857
-111.0 36.0 -45.5
30.0 -7.0 -43.5
7.0 -28.0 -37.42857
-10.0 -37.0 -30.214285
-10.0 -37.0 -23.0
31.0 -108.0 -3.357143
36.0 -108.0 16.285715
43.0 -66.0 16.857143
35.0 -108.0 19.357143
27.0 -71.0 19.785715
-9.0 -44.0 24.357143
-41.0 -108.0 38.214287
-41.0 -97.0 44.5
-84.0 -34.0 51.42857
-8.0 -56.0 65.35714
-14.0 -46.0 65.0
-14.0 -46.0 64.78571
-26.0 -6.0 61.42857
-20.0 -8.0 58.642857
-5.0 10.0 47.642857
-111.0 61.0 25.071428
-111.0 61.0 5.0
-111.0 33.0 -15.5
0.0 0.0 0.0
0.0 0.0 0.0
0.0 0.0 0.0
0.0 0.0 0.0
0.0 0.0 0.0
0.0 0.0 0.0
0.0 0.0 0.0
0.0 0.0 0.0
0.0 0.0 0.0
0.0 0.0 0.0
0.0 0.0 0.0
0.0 0.0 0.0
0.0 0.0 0.0
0.0 0.0 0.0
