31 -7 -7 31
31 -6 -6 31
28 -5 -5 28
19 -5 -5 19
19 -7 -7 19
7 -7 -7 7
7 -7 -7 7
3 -7 -7 3
-1 -9 -9 -1
-1 -9 -9 -1
-5 -10 -10 -5
-4 -14 -14 -4
-3 -13 -13 -3
-3 -13 -13 -3
-20 -10 -10 -20
-21 -8 -8 -21
-25 -9 -9 -25
-36 -14 -14 -36
63 -12 -12 63
-1 -8 -8 -1
-14 4 4 -14
4 4 4 4
-21 -11 -11 -21
-29 -11 -11 -29
1 -40 -40 1
-4 19 19 -4
-2 -17 -17 -2
-2 11 11 -2
0 0 0 0
0 0 0 0
0 0 0 0
0 0 0 0
0 0 0 0
0 0 0 0
0 0 0 0
0 0 0 0
0 0 0 0
0 0 0 0
0 0 0 0
0 0 0 0
-7 31 31 -7
-6 31 31 -6
-5 28 28 -5
-5 19 19 -5
-7 19 19 -7
-7 7 7 -7
-7 7 7 -7
-7 3 3 -7
-9 -1 -1 -9
-9 -1 -1 -9
-10 -5 -5 -10
-14 -4 -4 -14
-13 -3 -3 -13
-13 -3 -3 -13
-10 -20 -20 -10
-8 -21 -21 -8
-9 -25 -25 -9
-14 -36 -36 -14
-12 63 63 -12
-8 -1 -1 -8
4 -14 -14 4
4 4 4 4
-11 -21 -21 -11
-11 -29 -29 -11
-40 1 1 -40
19 -4 -4 19
-17 -2 -2 -17
11 -2 -2 11
0 0 0 0
0 0 0 0
0 0 0 0
0 0 0 0
0 0 0 0
0 0 0 0
0 0 0 0
0 0 0 0
0 0 0 0
0 0 0 0
0 0 0 0
0 0 0 0
31 -7 -45 -9
31 -6 -74 -5
28 -5 -66 -16
19 -5 -66 -16
19 -7 -60 -23
7 -7 58 -14
7 -7 18 -14
3 -7 18 -14
-1 -9 -3 27
-1 -9 -4 7
-5 -10 -8 -40
-4 -14 -28 -3
-3 -13 -4 24
-3 -13 -5 -41
-20 -10 -8 27
-21 -8 -8 27
-25 -9 -7 -1
-36 -14 -3 -3
63 -12 -6 -15
-1 -8 0 0
-14 4 0 0
4 4 0 0
-21 -11 0 0
-29 -11 0 0
1 -40 0 0
-4 19 0 0
-2 -17 0 0
-2 11 0 0
0 0 0 0
0 0 0 0
0 0 0 0
0 0 0 0
0 0 0 0
0 0 0 0
0 0 0 0
0 0 0 0
0 0 0 0
0 0 0 0
0 0 0 0
0 0 0 0
-7 31 -9 -45
-6 31 -5 -74
-5 28 -16 -66
-5 19 -16 -66
-7 19 -23 -60
-7 7 -14 58
-7 7 -14 18
-7 3 -14 18
-9 -1 27 -3
-9 -1 7 -4
-10 -5 -40 -8
-14 -4 -3 -28
-13 -3 24 -4
-13 -3 -41 -5
-10 -20 27 -8
-8 -21 27 -8
-9 -25 -1 -7
-14 -36 -3 -3
-12 63 -15 -6
-8 -1 0 0
4 -14 0 0
4 4 0 0
-11 -21 0 0
-11 -29 0 0
-40 1 0 0
19 -4 0 0
-17 -2 0 0
11 -2 0 0
0 0 0 0
0 0 0 0
0 0 0 0
0 0 0 0
0 0 0 0
0 0 0 0
0 0 0 0
0 0 0 0
0 0 0 0
0 0 0 0
0 0 0 0
0 0 0 0
31 -7 -40 -10
31 -6 -53 -10
28 -5 -61 -16
19 -5 -21 -12
19 -7 -21 -11
7 -7 -34 -6
7 -7 41 11
3 -7 -29 -8
-1 -9 -29 -18
-1 -9 -13 -32
-5 -10 -11 17
-4 -14 0 17
-3 -13 2 -41
-3 -13 -2 6
-20 -10 2 2
-21 -8 -3 1
-25 -9 -3 1
-36 -14 2 3
63 -12 -1 0
-1 -8 -3 -8
-14 4 0 0
4 4 0 0
-21 -11 0 0
-29 -11 0 0
1 -40 0 0
-4 19 0 0
-2 -17 0 0
-2 11 0 0
0 0 0 0
0 0 0 0
0 0 0 0
0 0 0 0
0 0 0 0
0 0 0 0
0 0 0 0
0 0 0 0
0 0 0 0
0 0 0 0
0 0 0 0
0 0 0 0
-7 31 -10 -40
-6 31 -10 -53
-5 28 -16 -61
-5 19 -12 -21
-7 19 -11 -21
-7 7 -6 -34
-7 7 11 41
-7 3 -8 -29
-9 -1 -18 -29
-9 -1 -32 -13
-10 -5 17 -11
-14 -4 17 0
-13 -3 -41 2
-13 -3 6 -2
-10 -20 2 2
-8 -21 1 -3
-9 -25 1 -3
-14 -36 3 2
-12 63 0 -1
-8 -1 -8 -3
4 -14 0 0
4 4 0 0
-11 -21 0 0
-11 -29 0 0
-40 1 0 0
19 -4 0 0
-17 -2 0 0
11 -2 0 0
0 0 0 0
0 0 0 0
0 0 0 0
0 0 0 0
0 0 0 0
0 0 0 0
0 0 0 0
0 0 0 0
0 0 0 0
0 0 0 0
0 0 0 0
0 0 0 0
31 -7 -56 -10
31 -6 -64 -13
28 -5 -66 -13
19 -5 -55 -21
19 -7 -55 -18
7 -7 -33 -23
7 -7 -33 -20
3 -7 82 6
-1 -9 -40 14
-1 -9 27 9
-5 -10 27 -11
-4 -14 3 -11
-3 -13 3 -32
-3 -13 -23 27
-20 -10 -23 27
-21 -8 -5 18
-25 -9 0 32
-36 -14 0 12
63 -12 0 -1
-1 -8 1 -9
-14 4 -2 -23
4 4 1 -25
-21 -11 1 -28
-29 -11 0 0
1 -40 0 0
-4 19 0 0
-2 -17 0 0
-2 11 0 0
0 0 0 0
0 0 0 0
0 0 0 0
0 0 0 0
0 0 0 0
0 0 0 0
0 0 0 0
0 0 0 0
0 0 0 0
0 0 0 0
0 0 0 0
0 0 0 0
-7 31 -10 -56
-6 31 -13 -64
-5 28 -13 -66
-5 19 -21 -55
-7 19 -18 -55
-7 7 -23 -33
-7 7 -20 -33
-7 3 6 82
-9 -1 14 -40
-9 -1 9 27
-10 -5 -11 27
-14 -4 -11 3
-13 -3 -32 3
-13 -3 27 -23
-10 -20 27 -23
-8 -21 18 -5
-9 -25 32 0
-14 -36 12 0
-12 63 -1 0
-8 -1 -9 1
4 -14 -23 -2
4 4 -25 1
-11 -21 -28 1
-11 -29 0 0
-40 1 0 0
19 -4 0 0
-17 -2 0 0
11 -2 0 0
0 0 0 0
0 0 0 0
0 0 0 0
0 0 0 0
0 0 0 0
0 0 0 0
0 0 0 0
0 0 0 0
0 0 0 0
0 0 0 0
0 0 0 0
0 0 0 0
31 -7 -91 -8
31 -6 -21 -13
28 -5 -10 -14
19 -5 -23 -13
19 -7 18 -6
7 -7 37 12
7 -7 -33 15
3 -7 -42 11
-1 -9 5 -28
-1 -9 -37 -18
-5 -10 -6 3
-4 -14 -11 -11
-3 -13 -7 9
-3 -13 -7 9
-20 -10 7 5
-21 -8 -5 0
-25 -9 6 -6
-36 -14 6 -6
63 -12 0 -5
-1 -8 0 -8
-14 4 4 -23
4 4 4 -23
-21 -11 0 0
-29 -11 0 0
1 -40 0 0
-4 19 0 0
-2 -17 0 0
-2 11 0 0
0 0 0 0
0 0 0 0
0 0 0 0
0 0 0 0
0 0 0 0
0 0 0 0
0 0 0 0
0 0 0 0
0 0 0 0
0 0 0 0
0 0 0 0
0 0 0 0
-7 31 -8 -91
-6 31 -13 -21
-5 28 -14 -10
-5 19 -13 -23
-7 19 -6 18
-7 7 12 37
-7 7 15 -33
-7 3 11 -42
-9 -1 -28 5
-9 -1 -18 -37
-10 -5 3 -6
-14 -4 -11 -11
-13 -3 9 -7
-13 -3 9 -7
-10 -20 5 7
-8 -21 0 -5
-9 -25 -6 6
-14 -36 -6 6
-12 63 -5 0
-8 -1 -8 0
4 -14 -23 4
4 4 -23 4
-11 -21 0 0
-11 -29 0 0
-40 1 0 0
19 -4 0 0
-17 -2 0 0
11 -2 0 0
0 0 0 0
0 0 0 0
0 0 0 0
0 0 0 0
0 0 0 0
0 0 0 0
0 0 0 0
0 0 0 0
0 0 0 0
0 0 0 0
0 0 0 0
0 0 0 0
31 -7 -53 -7
31 -6 -55 -6
28 -5 -60 -22
19 -5 -60 -22
19 -7 -59 -15
7 -7 10 -23
7 -7 -5 -6
3 -7 -32 -6
-1 -9 5 22
-1 -9 14 27
-5 -10 -27 -36
-4 -14 -6 56
-3 -13 -3 53
-3 -13 -4 -66
-20 -10 2 46
-21 -8 -6 24
-25 -9 -6 5
-36 -14 -2 -16
63 -12 -5 -19
-1 -8 -6 -19
-14 4 -6 -22
4 4 -6 -27
-21 -11 -4 -38
-29 -11 -1 -36
1 -40 0 0
-4 19 0 0
-2 -17 0 0
-2 11 0 0
0 0 0 0
0 0 0 0
0 0 0 0
0 0 0 0
0 0 0 0
0 0 0 0
0 0 0 0
0 0 0 0
0 0 0 0
0 0 0 0
0 0 0 0
0 0 0 0
-7 31 -7 -53
-6 31 -6 -55
-5 28 -22 -60
-5 19 -22 -60
-7 19 -15 -59
-7 7 -23 10
-7 7 -6 -5
-7 3 -6 -32
-9 -1 22 5
-9 -1 27 14
-10 -5 -36 -27
-14 -4 56 -6
-13 -3 53 -3
-13 -3 -66 -4
-10 -20 46 2
-8 -21 24 -6
-9 -25 5 -6
-14 -36 -16 -2
-12 63 -19 -5
-8 -1 -19 -6
4 -14 -22 -6
4 4 -27 -6
-11 -21 -38 -4
-11 -29 -36 -1
-40 1 0 0
19 -4 0 0
-17 -2 0 0
11 -2 0 0
0 0 0 0
0 0 0 0
0 0 0 0
0 0 0 0
0 0 0 0
0 0 0 0
0 0 0 0
0 0 0 0
0 0 0 0
0 0 0 0
0 0 0 0
0 0 0 0
31 -7 -88 -6
31 -6 -88 -6
28 -5 -69 -12
19 -5 -22 -12
19 -7 -33 -10
7 -7 -33 -8
7 -7 123 15
3 -7 -86 18
-1 -9 -30 -24
-1 -9 -31 -39
-5 -10 -12 16
-4 -14 -12 16
-3 -13 -8 13
-3 -13 -16 13
-20 -10 13 5
-21 -8 13 5
-25 -9 -5 -11
-36 -14 -2 -11
63 -12 2 -4
-1 -8 -4 -18
-14 4 -4 -18
4 4 1 -35
-21 -11 -2 -39
-29 -11 0 0
1 -40 0 0
-4 19 0 0
-2 -17 0 0
-2 11 0 0
0 0 0 0
0 0 0 0
0 0 0 0
0 0 0 0
0 0 0 0
0 0 0 0
0 0 0 0
0 0 0 0
0 0 0 0
0 0 0 0
0 0 0 0
0 0 0 0
-7 31 -6 -88
-6 31 -6 -88
-5 28 -12 -69
-5 19 -12 -22
-7 19 -10 -33
-7 7 -8 -33
-7 7 15 123
-7 3 18 -86
-9 -1 -24 -30
-9 -1 -39 -31
-10 -5 16 -12
-14 -4 16 -12
-13 -3 13 -8
-13 -3 13 -16
-10 -20 5 13
-8 -21 5 13
-9 -25 -11 -5
-14 -36 -11 -2
-12 63 -4 2
-8 -1 -18 -4
4 -14 -18 -4
4 4 -35 1
-11 -21 -39 -2
-11 -29 0 0
-40 1 0 0
19 -4 0 0
-17 -2 0 0
11 -2 0 0
0 0 0 0
0 0 0 0
0 0 0 0
0 0 0 0
0 0 0 0
0 0 0 0
0 0 0 0
0 0 0 0
0 0 0 0
0 0 0 0
0 0 0 0
0 0 0 0
31 -7 -63 -10
31 -6 -63 -13
28 -5 -56 -12
19 -5 -57 -23
19 -7 -61 -23
7 -7 -53 -15
7 -7 150 -18
3 -7 -58 13
-1 -9 -27 13
-1 -9 44 37
-5 -10 -73 -62
-4 -14 -9 16
-3 -13 -9 -24
-3 -13 0 3
-20 -10 -3 34
-21 -8 -4 7
-25 -9 -2 7
-36 -14 0 -11
63 -12 -2 -35
-1 -8 -2 -41
-14 4 0 0
4 4 0 0
-21 -11 0 0
-29 -11 0 0
1 -40 0 0
-4 19 0 0
-2 -17 0 0
-2 11 0 0
0 0 0 0
0 0 0 0
0 0 0 0
0 0 0 0
0 0 0 0
0 0 0 0
0 0 0 0
0 0 0 0
0 0 0 0
0 0 0 0
0 0 0 0
0 0 0 0
-7 31 -10 -63
-6 31 -13 -63
-5 28 -12 -56
-5 19 -23 -57
-7 19 -23 -61
-7 7 -15 -53
-7 7 -18 150
-7 3 13 -58
-9 -1 13 -27
-9 -1 37 44
-10 -5 -62 -73
-14 -4 16 -9
-13 -3 -24 -9
-13 -3 3 0
-10 -20 34 -3
-8 -21 7 -4
-9 -25 7 -2
-14 -36 -11 0
-12 63 -35 -2
-8 -1 -41 -2
4 -14 0 0
4 4 0 0
-11 -21 0 0
-11 -29 0 0
-40 1 0 0
19 -4 0 0
-17 -2 0 0
11 -2 0 0
0 0 0 0
0 0 0 0
0 0 0 0
0 0 0 0
0 0 0 0
0 0 0 0
0 0 0 0
0 0 0 0
0 0 0 0
0 0 0 0
0 0 0 0
0 0 0 0
31 -7 -53 -4
31 -6 -52 -6
28 -5 -80 -8
19 -5 -50 -11
19 -7 -39 -11
7 -7 -31 -10
7 -7 -39 -1
3 -7 150 9
-1 -9 -105 19
-1 -9 -105 -16
-5 -10 46 -57
-4 -14 35 -61
-3 -13 -14 -12
-3 -13 10 -59
-20 -10 -14 12
-21 -8 -3 9
-25 -9 5 10
-36 -14 0 0
63 -12 0 0
-1 -8 0 0
-14 4 0 0
4 4 0 0
-21 -11 0 0
-29 -11 0 0
1 -40 0 0
-4 19 0 0
-2 -17 0 0
-2 11 0 0
0 0 0 0
0 0 0 0
0 0 0 0
0 0 0 0
0 0 0 0
0 0 0 0
0 0 0 0
0 0 0 0
0 0 0 0
0 0 0 0
0 0 0 0
0 0 0 0
-7 31 -4 -53
-6 31 -6 -52
-5 28 -8 -80
-5 19 -11 -50
-7 19 -11 -39
-7 7 -10 -31
-7 7 -1 -39
-7 3 9 150
-9 -1 19 -105
-9 -1 -16 -105
-10 -5 -57 46
-14 -4 -61 35
-13 -3 -12 -14
-13 -3 -59 10
-10 -20 12 -14
-8 -21 9 -3
-9 -25 10 5
-14 -36 0 0
-12 63 0 0
-8 -1 0 0
4 -14 0 0
4 4 0 0
-11 -21 0 0
-11 -29 0 0
-40 1 0 0
19 -4 0 0
-17 -2 0 0
11 -2 0 0
0 0 0 0
0 0 0 0
0 0 0 0
0 0 0 0
0 0 0 0
0 0 0 0
0 0 0 0
0 0 0 0
0 0 0 0
0 0 0 0
0 0 0 0
0 0 0 0
31 -7 -2 -9
31 -6 0 -14
28 -5 4 -20
19 -5 1 -27
19 -7 0 -32
7 -7 -3 -38
7 -7 -14 -61
3 -7 -8 -69
-1 -9 -8 -69
-1 -9 -11 -64
-5 -10 -15 -70
-4 -14 -15 63
-3 -13 -12 63
-3 -13 -12 -27
-20 -10 32 -4
-21 -8 32 -4
-25 -9 -40 -31
-36 -14 -9 -13
63 -12 13 1
-1 -8 34 2
-14 4 36 4
4 4 27 2
-21 -11 -8 1
-29 -11 -25 -2
1 -40 -25 -2
-4 19 0 0
-2 -17 0 0
-2 11 0 0
0 0 0 0
0 0 0 0
0 0 0 0
0 0 0 0
0 0 0 0
0 0 0 0
0 0 0 0
0 0 0 0
0 0 0 0
0 0 0 0
0 0 0 0
0 0 0 0
-7 31 -9 -2
-6 31 -14 0
-5 28 -20 4
-5 19 -27 1
-7 19 -32 0
-7 7 -38 -3
-7 7 -61 -14
-7 3 -69 -8
-9 -1 -69 -8
-9 -1 -64 -11
-10 -5 -70 -15
-14 -4 63 -15
-13 -3 63 -12
-13 -3 -27 -12
-10 -20 -4 32
-8 -21 -4 32
-9 -25 -31 -40
-14 -36 -13 -9
-12 63 1 13
-8 -1 2 34
4 -14 4 36
4 4 2 27
-11 -21 1 -8
-11 -29 -2 -25
-40 1 -2 -25
19 -4 0 0
-17 -2 0 0
11 -2 0 0
0 0 0 0
0 0 0 0
0 0 0 0
0 0 0 0
0 0 0 0
0 0 0 0
0 0 0 0
0 0 0 0
0 0 0 0
0 0 0 0
0 0 0 0
0 0 0 0
-9 -45 -45 -9
-5 -74 -74 -5
-16 -66 -66 -16
-16 -66 -66 -16
-23 -60 -60 -23
-14 58 58 -14
-14 18 18 -14
-14 18 18 -14
27 -3 -3 27
7 -4 -4 7
-40 -8 -8 -40
-3 -28 -28 -3
24 -4 -4 24
-41 -5 -5 -41
27 -8 -8 27
27 -8 -8 27
-1 -7 -7 -1
-3 -3 -3 -3
-15 -6 -6 -15
0 0 0 0
0 0 0 0
0 0 0 0
0 0 0 0
0 0 0 0
0 0 0 0
0 0 0 0
0 0 0 0
0 0 0 0
0 0 0 0
0 0 0 0
0 0 0 0
0 0 0 0
0 0 0 0
0 0 0 0
0 0 0 0
0 0 0 0
0 0 0 0
0 0 0 0
0 0 0 0
0 0 0 0
-45 -9 -9 -45
-74 -5 -5 -74
-66 -16 -16 -66
-66 -16 -16 -66
-60 -23 -23 -60
58 -14 -14 58
18 -14 -14 18
18 -14 -14 18
-3 27 27 -3
-4 7 7 -4
-8 -40 -40 -8
-28 -3 -3 -28
-4 24 24 -4
-5 -41 -41 -5
-8 27 27 -8
-8 27 27 -8
-7 -1 -1 -7
-3 -3 -3 -3
-6 -15 -15 -6
0 0 0 0
0 0 0 0
0 0 0 0
0 0 0 0
0 0 0 0
0 0 0 0
0 0 0 0
0 0 0 0
0 0 0 0
0 0 0 0
0 0 0 0
0 0 0 0
0 0 0 0
0 0 0 0
0 0 0 0
0 0 0 0
0 0 0 0
0 0 0 0
0 0 0 0
0 0 0 0
0 0 0 0
-9 -45 -40 -10
-5 -74 -53 -10
-16 -66 -61 -16
-16 -66 -21 -12
-23 -60 -21 -11
-14 58 -34 -6
-14 18 41 11
-14 18 -29 -8
27 -3 -29 -18
7 -4 -13 -32
-40 -8 -11 17
-3 -28 0 17
24 -4 2 -41
-41 -5 -2 6
27 -8 2 2
27 -8 -3 1
-1 -7 -3 1
-3 -3 2 3
-15 -6 -1 0
0 0 -3 -8
0 0 0 0
0 0 0 0
0 0 0 0
0 0 0 0
0 0 0 0
0 0 0 0
0 0 0 0
0 0 0 0
0 0 0 0
0 0 0 0
0 0 0 0
0 0 0 0
0 0 0 0
0 0 0 0
0 0 0 0
0 0 0 0
0 0 0 0
0 0 0 0
0 0 0 0
0 0 0 0
-45 -9 -10 -40
-74 -5 -10 -53
-66 -16 -16 -61
-66 -16 -12 -21
-60 -23 -11 -21
58 -14 -6 -34
18 -14 11 41
18 -14 -8 -29
-3 27 -18 -29
-4 7 -32 -13
-8 -40 17 -11
-28 -3 17 0
-4 24 -41 2
-5 -41 6 -2
-8 27 2 2
-8 27 1 -3
-7 -1 1 -3
-3 -3 3 2
-6 -15 0 -1
0 0 -8 -3
0 0 0 0
0 0 0 0
0 0 0 0
0 0 0 0
0 0 0 0
0 0 0 0
0 0 0 0
0 0 0 0
0 0 0 0
0 0 0 0
0 0 0 0
0 0 0 0
0 0 0 0
0 0 0 0
0 0 0 0
0 0 0 0
0 0 0 0
0 0 0 0
0 0 0 0
0 0 0 0
-9 -45 -56 -10
-5 -74 -64 -13
-16 -66 -66 -13
-16 -66 -55 -21
-23 -60 -55 -18
-14 58 -33 -23
-14 18 -33 -20
-14 18 82 6
27 -3 -40 14
7 -4 27 9
-40 -8 27 -11
-3 -28 3 -11
24 -4 3 -32
-41 -5 -23 27
27 -8 -23 27
27 -8 -5 18
-1 -7 0 32
-3 -3 0 12
-15 -6 0 -1
0 0 1 -9
0 0 -2 -23
0 0 1 -25
0 0 1 -28
0 0 0 0
0 0 0 0
0 0 0 0
0 0 0 0
0 0 0 0
0 0 0 0
0 0 0 0
0 0 0 0
0 0 0 0
0 0 0 0
0 0 0 0
0 0 0 0
0 0 0 0
0 0 0 0
0 0 0 0
0 0 0 0
0 0 0 0
-45 -9 -10 -56
-74 -5 -13 -64
-66 -16 -13 -66
-66 -16 -21 -55
-60 -23 -18 -55
58 -14 -23 -33
18 -14 -20 -33
18 -14 6 82
-3 27 14 -40
-4 7 9 27
-8 -40 -11 27
-28 -3 -11 3
-4 24 -32 3
-5 -41 27 -23
-8 27 27 -23
-8 27 18 -5
-7 -1 32 0
-3 -3 12 0
-6 -15 -1 0
0 0 -9 1
0 0 -23 -2
0 0 -25 1
0 0 -28 1
0 0 0 0
0 0 0 0
0 0 0 0
0 0 0 0
0 0 0 0
0 0 0 0
0 0 0 0
0 0 0 0
0 0 0 0
0 0 0 0
0 0 0 0
0 0 0 0
0 0 0 0
0 0 0 0
0 0 0 0
0 0 0 0
0 0 0 0
-9 -45 -91 -8
-5 -74 -21 -13
-16 -66 -10 -14
-16 -66 -23 -13
-23 -60 18 -6
-14 58 37 12
-14 18 -33 15
-14 18 -42 11
27 -3 5 -28
7 -4 -37 -18
-40 -8 -6 3
-3 -28 -11 -11
24 -4 -7 9
-41 -5 -7 9
27 -8 7 5
27 -8 -5 0
-1 -7 6 -6
-3 -3 6 -6
-15 -6 0 -5
0 0 0 -8
0 0 4 -23
0 0 4 -23
0 0 0 0
0 0 0 0
0 0 0 0
0 0 0 0
0 0 0 0
0 0 0 0
0 0 0 0
0 0 0 0
0 0 0 0
0 0 0 0
0 0 0 0
0 0 0 0
0 0 0 0
0 0 0 0
0 0 0 0
0 0 0 0
0 0 0 0
0 0 0 0
-45 -9 -8 -91
-74 -5 -13 -21
-66 -16 -14 -10
-66 -16 -13 -23
-60 -23 -6 18
58 -14 12 37
18 -14 15 -33
18 -14 11 -42
-3 27 -28 5
-4 7 -18 -37
-8 -40 3 -6
-28 -3 -11 -11
-4 24 9 -7
-5 -41 9 -7
-8 27 5 7
-8 27 0 -5
-7 -1 -6 6
-3 -3 -6 6
-6 -15 -5 0
0 0 -8 0
0 0 -23 4
0 0 -23 4
0 0 0 0
0 0 0 0
0 0 0 0
0 0 0 0
0 0 0 0
0 0 0 0
0 0 0 0
0 0 0 0
0 0 0 0
0 0 0 0
0 0 0 0
0 0 0 0
0 0 0 0
0 0 0 0
0 0 0 0
0 0 0 0
0 0 0 0
0 0 0 0
-9 -45 -53 -7
-5 -74 -55 -6
-16 -66 -60 -22
-16 -66 -60 -22
-23 -60 -59 -15
-14 58 10 -23
-14 18 -5 -6
-14 18 -32 -6
27 -3 5 22
7 -4 14 27
-40 -8 -27 -36
-3 -28 -6 56
24 -4 -3 53
-41 -5 -4 -66
27 -8 2 46
27 -8 -6 24
-1 -7 -6 5
-3 -3 -2 -16
-15 -6 -5 -19
0 0 -6 -19
0 0 -6 -22
0 0 -6 -27
0 0 -4 -38
0 0 -1 -36
0 0 0 0
0 0 0 0
0 0 0 0
0 0 0 0
0 0 0 0
0 0 0 0
0 0 0 0
0 0 0 0
0 0 0 0
0 0 0 0
0 0 0 0
0 0 0 0
0 0 0 0
0 0 0 0
0 0 0 0
0 0 0 0
-45 -9 -7 -53
-74 -5 -6 -55
-66 -16 -22 -60
-66 -16 -22 -60
-60 -23 -15 -59
58 -14 -23 10
18 -14 -6 -5
18 -14 -6 -32
-3 27 22 5
-4 7 27 14
-8 -40 -36 -27
-28 -3 56 -6
-4 24 53 -3
-5 -41 -66 -4
-8 27 46 2
-8 27 24 -6
-7 -1 5 -6
-3 -3 -16 -2
-6 -15 -19 -5
0 0 -19 -6
0 0 -22 -6
0 0 -27 -6
0 0 -38 -4
0 0 -36 -1
0 0 0 0
0 0 0 0
0 0 0 0
0 0 0 0
0 0 0 0
0 0 0 0
0 0 0 0
0 0 0 0
0 0 0 0
0 0 0 0
0 0 0 0
0 0 0 0
0 0 0 0
0 0 0 0
0 0 0 0
0 0 0 0
-9 -45 -88 -6
-5 -74 -88 -6
-16 -66 -69 -12
-16 -66 -22 -12
-23 -60 -33 -10
-14 58 -33 -8
-14 18 123 15
-14 18 -86 18
27 -3 -30 -24
7 -4 -31 -39
-40 -8 -12 16
-3 -28 -12 16
24 -4 -8 13
-41 -5 -16 13
27 -8 13 5
27 -8 13 5
-1 -7 -5 -11
-3 -3 -2 -11
-15 -6 2 -4
0 0 -4 -18
0 0 -4 -18
0 0 1 -35
0 0 -2 -39
0 0 0 0
0 0 0 0
0 0 0 0
0 0 0 0
0 0 0 0
0 0 0 0
0 0 0 0
0 0 0 0
0 0 0 0
0 0 0 0
0 0 0 0
0 0 0 0
0 0 0 0
0 0 0 0
0 0 0 0
0 0 0 0
0 0 0 0
-45 -9 -6 -88
-74 -5 -6 -88
-66 -16 -12 -69
-66 -16 -12 -22
-60 -23 -10 -33
58 -14 -8 -33
18 -14 15 123
18 -14 18 -86
-3 27 -24 -30
-4 7 -39 -31
-8 -40 16 -12
-28 -3 16 -12
-4 24 13 -8
-5 -41 13 -16
-8 27 5 13
-8 27 5 13
-7 -1 -11 -5
-3 -3 -11 -2
-6 -15 -4 2
0 0 -18 -4
0 0 -18 -4
0 0 -35 1
0 0 -39 -2
0 0 0 0
0 0 0 0
0 0 0 0
0 0 0 0
0 0 0 0
0 0 0 0
0 0 0 0
0 0 0 0
0 0 0 0
0 0 0 0
0 0 0 0
0 0 0 0
0 0 0 0
0 0 0 0
0 0 0 0
0 0 0 0
0 0 0 0
-9 -45 -63 -10
-5 -74 -63 -13
-16 -66 -56 -12
-16 -66 -57 -23
-23 -60 -61 -23
-14 58 -53 -15
-14 18 150 -18
-14 18 -58 13
27 -3 -27 13
7 -4 44 37
-40 -8 -73 -62
-3 -28 -9 16
24 -4 -9 -24
-41 -5 0 3
27 -8 -3 34
27 -8 -4 7
-1 -7 -2 7
-3 -3 0 -11
-15 -6 -2 -35
0 0 -2 -41
0 0 0 0
0 0 0 0
0 0 0 0
0 0 0 0
0 0 0 0
0 0 0 0
0 0 0 0
0 0 0 0
0 0 0 0
0 0 0 0
0 0 0 0
0 0 0 0
0 0 0 0
0 0 0 0
0 0 0 0
0 0 0 0
0 0 0 0
0 0 0 0
0 0 0 0
0 0 0 0
-45 -9 -10 -63
-74 -5 -13 -63
-66 -16 -12 -56
-66 -16 -23 -57
-60 -23 -23 -61
58 -14 -15 -53
18 -14 -18 150
18 -14 13 -58
-3 27 13 -27
-4 7 37 44
-8 -40 -62 -73
-28 -3 16 -9
-4 24 -24 -9
-5 -41 3 0
-8 27 34 -3
-8 27 7 -4
-7 -1 7 -2
-3 -3 -11 0
-6 -15 -35 -2
0 0 -41 -2
0 0 0 0
0 0 0 0
0 0 0 0
0 0 0 0
0 0 0 0
0 0 0 0
0 0 0 0
0 0 0 0
0 0 0 0
0 0 0 0
0 0 0 0
0 0 0 0
0 0 0 0
0 0 0 0
0 0 0 0
0 0 0 0
0 0 0 0
0 0 0 0
0 0 0 0
0 0 0 0
-9 -45 -53 -4
-5 -74 -52 -6
-16 -66 -80 -8
-16 -66 -50 -11
-23 -60 -39 -11
-14 58 -31 -10
-14 18 -39 -1
-14 18 150 9
27 -3 -105 19
7 -4 -105 -16
-40 -8 46 -57
-3 -28 35 -61
24 -4 -14 -12
-41 -5 10 -59
27 -8 -14 12
27 -8 -3 9
-1 -7 5 10
-3 -3 0 0
-15 -6 0 0
0 0 0 0
0 0 0 0
0 0 0 0
0 0 0 0
0 0 0 0
0 0 0 0
0 0 0 0
0 0 0 0
0 0 0 0
0 0 0 0
0 0 0 0
0 0 0 0
0 0 0 0
0 0 0 0
0 0 0 0
0 0 0 0
0 0 0 0
0 0 0 0
0 0 0 0
0 0 0 0
0 0 0 0
-45 -9 -4 -53
-74 -5 -6 -52
-66 -16 -8 -80
-66 -16 -11 -50
-60 -23 -11 -39
58 -14 -10 -31
18 -14 -1 -39
18 -14 9 150
-3 27 19 -105
-4 7 -16 -105
-8 -40 -57 46
-28 -3 -61 35
-4 24 -12 -14
-5 -41 -59 10
-8 27 12 -14
-8 27 9 -3
-7 -1 10 5
-3 -3 0 0
-6 -15 0 0
0 0 0 0
0 0 0 0
0 0 0 0
0 0 0 0
0 0 0 0
0 0 0 0
0 0 0 0
0 0 0 0
0 0 0 0
0 0 0 0
0 0 0 0
0 0 0 0
0 0 0 0
0 0 0 0
0 0 0 0
0 0 0 0
0 0 0 0
0 0 0 0
0 0 0 0
0 0 0 0
0 0 0 0
-9 -45 -2 -9
-5 -74 0 -14
-16 -66 4 -20
-16 -66 1 -27
-23 -60 0 -32
-14 58 -3 -38
-14 18 -14 -61
-14 18 -8 -69
27 -3 -8 -69
7 -4 -11 -64
-40 -8 -15 -70
-3 -28 -15 63
24 -4 -12 63
-41 -5 -12 -27
27 -8 32 -4
27 -8 32 -4
-1 -7 -40 -31
-3 -3 -9 -13
-15 -6 13 1
0 0 34 2
0 0 36 4
0 0 27 2
0 0 -8 1
0 0 -25 -2
0 0 -25 -2
0 0 0 0
0 0 0 0
0 0 0 0
0 0 0 0
0 0 0 0
0 0 0 0
0 0 0 0
0 0 0 0
0 0 0 0
0 0 0 0
0 0 0 0
0 0 0 0
0 0 0 0
0 0 0 0
0 0 0 0
-45 -9 -9 -2
-74 -5 -14 0
-66 -16 -20 4
-66 -16 -27 1
-60 -23 -32 0
58 -14 -38 -3
18 -14 -61 -14
18 -14 -69 -8
-3 27 -69 -8
-4 7 -64 -11
-8 -40 -70 -15
-28 -3 63 -15
-4 24 63 -12
-5 -41 -27 -12
-8 27 -4 32
-8 27 -4 32
-7 -1 -31 -40
-3 -3 -13 -9
-6 -15 1 13
0 0 2 34
0 0 4 36
0 0 2 27
0 0 1 -8
0 0 -2 -25
0 0 -2 -25
0 0 0 0
0 0 0 0
0 0 0 0
0 0 0 0
0 0 0 0
0 0 0 0
0 0 0 0
0 0 0 0
0 0 0 0
0 0 0 0
0 0 0 0
0 0 0 0
0 0 0 0
0 0 0 0
0 0 0 0
-10 -40 -40 -10
-10 -53 -53 -10
-16 -61 -61 -16
-12 -21 -21 -12
-11 -21 -21 -11
-6 -34 -34 -6
11 41 41 11
-8 -29 -29 -8
-18 -29 -29 -18
-32 -13 -13 -32
17 -11 -11 17
17 0 0 17
-41 2 2 -41
6 -2 -2 6
2 2 2 2
1 -3 -3 1
1 -3 -3 1
3 2 2 3
0 -1 -1 0
-8 -3 -3 -8
0 0 0 0
0 0 0 0
0 0 0 0
0 0 0 0
0 0 0 0
0 0 0 0
0 0 0 0
0 0 0 0
0 0 0 0
0 0 0 0
0 0 0 0
0 0 0 0
0 0 0 0
0 0 0 0
0 0 0 0
0 0 0 0
0 0 0 0
0 0 0 0
0 0 0 0
0 0 0 0
-40 -10 -10 -40
-53 -10 -10 -53
-61 -16 -16 -61
-21 -12 -12 -21
-21 -11 -11 -21
-34 -6 -6 -34
41 11 11 41
-29 -8 -8 -29
-29 -18 -18 -29
-13 -32 -32 -13
-11 17 17 -11
0 17 17 0
2 -41 -41 2
-2 6 6 -2
2 2 2 2
-3 1 1 -3
-3 1 1 -3
2 3 3 2
-1 0 0 -1
-3 -8 -8 -3
0 0 0 0
0 0 0 0
0 0 0 0
0 0 0 0
0 0 0 0
0 0 0 0
0 0 0 0
0 0 0 0
0 0 0 0
0 0 0 0
0 0 0 0
0 0 0 0
0 0 0 0
0 0 0 0
0 0 0 0
0 0 0 0
0 0 0 0
0 0 0 0
0 0 0 0
0 0 0 0
-10 -40 -56 -10
-10 -53 -64 -13
-16 -61 -66 -13
-12 -21 -55 -21
-11 -21 -55 -18
-6 -34 -33 -23
11 41 -33 -20
-8 -29 82 6
-18 -29 -40 14
-32 -13 27 9
17 -11 27 -11
17 0 3 -11
-41 2 3 -32
6 -2 -23 27
2 2 -23 27
1 -3 -5 18
1 -3 0 32
3 2 0 12
0 -1 0 -1
-8 -3 1 -9
0 0 -2 -23
0 0 1 -25
0 0 1 -28
0 0 0 0
0 0 0 0
0 0 0 0
0 0 0 0
0 0 0 0
0 0 0 0
0 0 0 0
0 0 0 0
0 0 0 0
0 0 0 0
0 0 0 0
0 0 0 0
0 0 0 0
0 0 0 0
0 0 0 0
0 0 0 0
0 0 0 0
-40 -10 -10 -56
-53 -10 -13 -64
-61 -16 -13 -66
-21 -12 -21 -55
-21 -11 -18 -55
-34 -6 -23 -33
41 11 -20 -33
-29 -8 6 82
-29 -18 14 -40
-13 -32 9 27
-11 17 -11 27
0 17 -11 3
2 -41 -32 3
-2 6 27 -23
2 2 27 -23
-3 1 18 -5
-3 1 32 0
2 3 12 0
-1 0 -1 0
-3 -8 -9 1
0 0 -23 -2
0 0 -25 1
0 0 -28 1
0 0 0 0
0 0 0 0
0 0 0 0
0 0 0 0
0 0 0 0
0 0 0 0
0 0 0 0
0 0 0 0
0 0 0 0
0 0 0 0
0 0 0 0
0 0 0 0
0 0 0 0
0 0 0 0
0 0 0 0
0 0 0 0
0 0 0 0
-10 -40 -91 -8
-10 -53 -21 -13
-16 -61 -10 -14
-12 -21 -23 -13
-11 -21 18 -6
-6 -34 37 12
11 41 -33 15
-8 -29 -42 11
-18 -29 5 -28
-32 -13 -37 -18
17 -11 -6 3
17 0 -11 -11
-41 2 -7 9
6 -2 -7 9
2 2 7 5
1 -3 -5 0
1 -3 6 -6
3 2 6 -6
0 -1 0 -5
-8 -3 0 -8
0 0 4 -23
0 0 4 -23
0 0 0 0
0 0 0 0
0 0 0 0
0 0 0 0
0 0 0 0
0 0 0 0
0 0 0 0
0 0 0 0
0 0 0 0
0 0 0 0
0 0 0 0
0 0 0 0
0 0 0 0
0 0 0 0
0 0 0 0
0 0 0 0
0 0 0 0
0 0 0 0
-40 -10 -8 -91
-53 -10 -13 -21
-61 -16 -14 -10
-21 -12 -13 -23
-21 -11 -6 18
-34 -6 12 37
41 11 15 -33
-29 -8 11 -42
-29 -18 -28 5
-13 -32 -18 -37
-11 17 3 -6
0 17 -11 -11
2 -41 9 -7
-2 6 9 -7
2 2 5 7
-3 1 0 -5
-3 1 -6 6
2 3 -6 6
-1 0 -5 0
-3 -8 -8 0
0 0 -23 4
0 0 -23 4
0 0 0 0
0 0 0 0
0 0 0 0
0 0 0 0
0 0 0 0
0 0 0 0
0 0 0 0
0 0 0 0
0 0 0 0
0 0 0 0
0 0 0 0
0 0 0 0
0 0 0 0
0 0 0 0
0 0 0 0
0 0 0 0
0 0 0 0
0 0 0 0
-10 -40 -53 -7
-10 -53 -55 -6
-16 -61 -60 -22
-12 -21 -60 -22
-11 -21 -59 -15
-6 -34 10 -23
11 41 -5 -6
-8 -29 -32 -6
-18 -29 5 22
-32 -13 14 27
17 -11 -27 -36
17 0 -6 56
-41 2 -3 53
6 -2 -4 -66
2 2 2 46
1 -3 -6 24
1 -3 -6 5
3 2 -2 -16
0 -1 -5 -19
-8 -3 -6 -19
0 0 -6 -22
0 0 -6 -27
0 0 -4 -38
0 0 -1 -36
0 0 0 0
0 0 0 0
0 0 0 0
0 0 0 0
0 0 0 0
0 0 0 0
0 0 0 0
0 0 0 0
0 0 0 0
0 0 0 0
0 0 0 0
0 0 0 0
0 0 0 0
0 0 0 0
0 0 0 0
0 0 0 0
-40 -10 -7 -53
-53 -10 -6 -55
-61 -16 -22 -60
-21 -12 -22 -60
-21 -11 -15 -59
-34 -6 -23 10
41 11 -6 -5
-29 -8 -6 -32
-29 -18 22 5
-13 -32 27 14
-11 17 -36 -27
0 17 56 -6
2 -41 53 -3
-2 6 -66 -4
2 2 46 2
-3 1 24 -6
-3 1 5 -6
2 3 -16 -2
-1 0 -19 -5
-3 -8 -19 -6
0 0 -22 -6
0 0 -27 -6
0 0 -38 -4
0 0 -36 -1
0 0 0 0
0 0 0 0
0 0 0 0
0 0 0 0
0 0 0 0
0 0 0 0
0 0 0 0
0 0 0 0
0 0 0 0
0 0 0 0
0 0 0 0
0 0 0 0
0 0 0 0
0 0 0 0
0 0 0 0
0 0 0 0
-10 -40 -88 -6
-10 -53 -88 -6
-16 -61 -69 -12
-12 -21 -22 -12
-11 -21 -33 -10
-6 -34 -33 -8
11 41 123 15
-8 -29 -86 18
-18 -29 -30 -24
-32 -13 -31 -39
17 -11 -12 16
17 0 -12 16
-41 2 -8 13
6 -2 -16 13
2 2 13 5
1 -3 13 5
1 -3 -5 -11
3 2 -2 -11
0 -1 2 -4
-8 -3 -4 -18
0 0 -4 -18
0 0 1 -35
0 0 -2 -39
0 0 0 0
0 0 0 0
0 0 0 0
0 0 0 0
0 0 0 0
0 0 0 0
0 0 0 0
0 0 0 0
0 0 0 0
0 0 0 0
0 0 0 0
0 0 0 0
0 0 0 0
0 0 0 0
0 0 0 0
0 0 0 0
0 0 0 0
-40 -10 -6 -88
-53 -10 -6 -88
-61 -16 -12 -69
-21 -12 -12 -22
-21 -11 -10 -33
-34 -6 -8 -33
41 11 15 123
-29 -8 18 -86
-29 -18 -24 -30
-13 -32 -39 -31
-11 17 16 -12
0 17 16 -12
2 -41 13 -8
-2 6 13 -16
2 2 5 13
-3 1 5 13
-3 1 -11 -5
2 3 -11 -2
-1 0 -4 2
-3 -8 -18 -4
0 0 -18 -4
0 0 -35 1
0 0 -39 -2
0 0 0 0
0 0 0 0
0 0 0 0
0 0 0 0
0 0 0 0
0 0 0 0
0 0 0 0
0 0 0 0
0 0 0 0
0 0 0 0
0 0 0 0
0 0 0 0
0 0 0 0
0 0 0 0
0 0 0 0
0 0 0 0
0 0 0 0
-10 -40 -63 -10
-10 -53 -63 -13
-16 -61 -56 -12
-12 -21 -57 -23
-11 -21 -61 -23
-6 -34 -53 -15
11 41 150 -18
-8 -29 -58 13
-18 -29 -27 13
-32 -13 44 37
17 -11 -73 -62
17 0 -9 16
-41 2 -9 -24
6 -2 0 3
2 2 -3 34
1 -3 -4 7
1 -3 -2 7
3 2 0 -11
0 -1 -2 -35
-8 -3 -2 -41
0 0 0 0
0 0 0 0
0 0 0 0
0 0 0 0
0 0 0 0
0 0 0 0
0 0 0 0
0 0 0 0
0 0 0 0
0 0 0 0
0 0 0 0
0 0 0 0
0 0 0 0
0 0 0 0
0 0 0 0
0 0 0 0
0 0 0 0
0 0 0 0
0 0 0 0
0 0 0 0
-40 -10 -10 -63
-53 -10 -13 -63
-61 -16 -12 -56
-21 -12 -23 -57
-21 -11 -23 -61
-34 -6 -15 -53
41 11 -18 150
-29 -8 13 -58
-29 -18 13 -27
-13 -32 37 44
-11 17 -62 -73
0 17 16 -9
2 -41 -24 -9
-2 6 3 0
2 2 34 -3
-3 1 7 -4
-3 1 7 -2
2 3 -11 0
-1 0 -35 -2
-3 -8 -41 -2
0 0 0 0
0 0 0 0
0 0 0 0
0 0 0 0
0 0 0 0
0 0 0 0
0 0 0 0
0 0 0 0
0 0 0 0
0 0 0 0
0 0 0 0
0 0 0 0
0 0 0 0
0 0 0 0
0 0 0 0
0 0 0 0
0 0 0 0
0 0 0 0
0 0 0 0
0 0 0 0
-10 -40 -53 -4
-10 -53 -52 -6
-16 -61 -80 -8
-12 -21 -50 -11
-11 -21 -39 -11
-6 -34 -31 -10
11 41 -39 -1
-8 -29 150 9
-18 -29 -105 19
-32 -13 -105 -16
17 -11 46 -57
17 0 35 -61
-41 2 -14 -12
6 -2 10 -59
2 2 -14 12
1 -3 -3 9
1 -3 5 10
3 2 0 0
0 -1 0 0
-8 -3 0 0
0 0 0 0
0 0 0 0
0 0 0 0
0 0 0 0
0 0 0 0
0 0 0 0
0 0 0 0
0 0 0 0
0 0 0 0
0 0 0 0
0 0 0 0
0 0 0 0
0 0 0 0
0 0 0 0
0 0 0 0
0 0 0 0
0 0 0 0
0 0 0 0
0 0 0 0
0 0 0 0
-40 -10 -4 -53
-53 -10 -6 -52
-61 -16 -8 -80
-21 -12 -11 -50
-21 -11 -11 -39
-34 -6 -10 -31
41 11 -1 -39
-29 -8 9 150
-29 -18 19 -105
-13 -32 -16 -105
-11 17 -57 46
0 17 -61 35
2 -41 -12 -14
-2 6 -59 10
2 2 12 -14
-3 1 9 -3
-3 1 10 5
2 3 0 0
-1 0 0 0
-3 -8 0 0
0 0 0 0
0 0 0 0
0 0 0 0
0 0 0 0
0 0 0 0
0 0 0 0
0 0 0 0
0 0 0 0
0 0 0 0
0 0 0 0
0 0 0 0
0 0 0 0
0 0 0 0
0 0 0 0
0 0 0 0
0 0 0 0
0 0 0 0
0 0 0 0
0 0 0 0
0 0 0 0
-10 -40 -2 -9
-10 -53 0 -14
-16 -61 4 -20
-12 -21 1 -27
-11 -21 0 -32
-6 -34 -3 -38
11 41 -14 -61
-8 -29 -8 -69
-18 -29 -8 -69
-32 -13 -11 -64
17 -11 -15 -70
17 0 -15 63
-41 2 -12 63
6 -2 -12 -27
2 2 32 -4
1 -3 32 -4
1 -3 -40 -31
3 2 -9 -13
0 -1 13 1
-8 -3 34 2
0 0 36 4
0 0 27 2
0 0 -8 1
0 0 -25 -2
0 0 -25 -2
0 0 0 0
0 0 0 0
0 0 0 0
0 0 0 0
0 0 0 0
0 0 0 0
0 0 0 0
0 0 0 0
0 0 0 0
0 0 0 0
0 0 0 0
0 0 0 0
0 0 0 0
0 0 0 0
0 0 0 0
-40 -10 -9 -2
-53 -10 -14 0
-61 -16 -20 4
-21 -12 -27 1
-21 -11 -32 0
-34 -6 -38 -3
41 11 -61 -14
-29 -8 -69 -8
-29 -18 -69 -8
-13 -32 -64 -11
-11 17 -70 -15
0 17 63 -15
2 -41 63 -12
-2 6 -27 -12
2 2 -4 32
-3 1 -4 32
-3 1 -31 -40
2 3 -13 -9
-1 0 1 13
-3 -8 2 34
0 0 4 36
0 0 2 27
0 0 1 -8
0 0 -2 -25
0 0 -2 -25
0 0 0 0
0 0 0 0
0 0 0 0
0 0 0 0
0 0 0 0
0 0 0 0
0 0 0 0
0 0 0 0
0 0 0 0
0 0 0 0
0 0 0 0
0 0 0 0
0 0 0 0
0 0 0 0
0 0 0 0
-10 -56 -56 -10
-13 -64 -64 -13
-13 -66 -66 -13
-21 -55 -55 -21
-18 -55 -55 -18
-23 -33 -33 -23
-20 -33 -33 -20
6 82 82 6
14 -40 -40 14
9 27 27 9
-11 27 27 -11
-11 3 3 -11
-32 3 3 -32
27 -23 -23 27
27 -23 -23 27
18 -5 -5 18
32 0 0 32
12 0 0 12
-1 0 0 -1
-9 1 1 -9
-23 -2 -2 -23
-25 1 1 -25
-28 1 1 -28
0 0 0 0
0 0 0 0
0 0 0 0
0 0 0 0
0 0 0 0
0 0 0 0
0 0 0 0
0 0 0 0
0 0 0 0
0 0 0 0
0 0 0 0
0 0 0 0
0 0 0 0
0 0 0 0
0 0 0 0
0 0 0 0
0 0 0 0
-56 -10 -10 -56
-64 -13 -13 -64
-66 -13 -13 -66
-55 -21 -21 -55
-55 -18 -18 -55
-33 -23 -23 -33
-33 -20 -20 -33
82 6 6 82
-40 14 14 -40
27 9 9 27
27 -11 -11 27
3 -11 -11 3
3 -32 -32 3
-23 27 27 -23
-23 27 27 -23
-5 18 18 -5
0 32 32 0
0 12 12 0
0 -1 -1 0
1 -9 -9 1
-2 -23 -23 -2
1 -25 -25 1
1 -28 -28 1
0 0 0 0
0 0 0 0
0 0 0 0
0 0 0 0
0 0 0 0
0 0 0 0
0 0 0 0
0 0 0 0
0 0 0 0
0 0 0 0
0 0 0 0
0 0 0 0
0 0 0 0
0 0 0 0
0 0 0 0
0 0 0 0
0 0 0 0
-10 -56 -91 -8
-13 -64 -21 -13
-13 -66 -10 -14
-21 -55 -23 -13
-18 -55 18 -6
-23 -33 37 12
-20 -33 -33 15
6 82 -42 11
14 -40 5 -28
9 27 -37 -18
-11 27 -6 3
-11 3 -11 -11
-32 3 -7 9
27 -23 -7 9
27 -23 7 5
18 -5 -5 0
32 0 6 -6
12 0 6 -6
-1 0 0 -5
-9 1 0 -8
-23 -2 4 -23
-25 1 4 -23
-28 1 0 0
0 0 0 0
0 0 0 0
0 0 0 0
0 0 0 0
0 0 0 0
0 0 0 0
0 0 0 0
0 0 0 0
0 0 0 0
0 0 0 0
0 0 0 0
0 0 0 0
0 0 0 0
0 0 0 0
0 0 0 0
0 0 0 0
0 0 0 0
-56 -10 -8 -91
-64 -13 -13 -21
-66 -13 -14 -10
-55 -21 -13 -23
-55 -18 -6 18
-33 -23 12 37
-33 -20 15 -33
82 6 11 -42
-40 14 -28 5
27 9 -18 -37
27 -11 3 -6
3 -11 -11 -11
3 -32 9 -7
-23 27 9 -7
-23 27 5 7
-5 18 0 -5
0 32 -6 6
0 12 -6 6
0 -1 -5 0
1 -9 -8 0
-2 -23 -23 4
1 -25 -23 4
1 -28 0 0
0 0 0 0
0 0 0 0
0 0 0 0
0 0 0 0
0 0 0 0
0 0 0 0
0 0 0 0
0 0 0 0
0 0 0 0
0 0 0 0
0 0 0 0
0 0 0 0
0 0 0 0
0 0 0 0
0 0 0 0
0 0 0 0
0 0 0 0
-10 -56 -53 -7
-13 -64 -55 -6
-13 -66 -60 -22
-21 -55 -60 -22
-18 -55 -59 -15
-23 -33 10 -23
-20 -33 -5 -6
6 82 -32 -6
14 -40 5 22
9 27 14 27
-11 27 -27 -36
-11 3 -6 56
-32 3 -3 53
27 -23 -4 -66
27 -23 2 46
18 -5 -6 24
32 0 -6 5
12 0 -2 -16
-1 0 -5 -19
-9 1 -6 -19
-23 -2 -6 -22
-25 1 -6 -27
-28 1 -4 -38
0 0 -1 -36
0 0 0 0
0 0 0 0
0 0 0 0
0 0 0 0
0 0 0 0
0 0 0 0
0 0 0 0
0 0 0 0
0 0 0 0
0 0 0 0
0 0 0 0
0 0 0 0
0 0 0 0
0 0 0 0
0 0 0 0
0 0 0 0
-56 -10 -7 -53
-64 -13 -6 -55
-66 -13 -22 -60
-55 -21 -22 -60
-55 -18 -15 -59
-33 -23 -23 10
-33 -20 -6 -5
82 6 -6 -32
-40 14 22 5
27 9 27 14
27 -11 -36 -27
3 -11 56 -6
3 -32 53 -3
-23 27 -66 -4
-23 27 46 2
-5 18 24 -6
0 32 5 -6
0 12 -16 -2
0 -1 -19 -5
1 -9 -19 -6
-2 -23 -22 -6
1 -25 -27 -6
1 -28 -38 -4
0 0 -36 -1
0 0 0 0
0 0 0 0
0 0 0 0
0 0 0 0
0 0 0 0
0 0 0 0
0 0 0 0
0 0 0 0
0 0 0 0
0 0 0 0
0 0 0 0
0 0 0 0
0 0 0 0
0 0 0 0
0 0 0 0
0 0 0 0
-10 -56 -88 -6
-13 -64 -88 -6
-13 -66 -69 -12
-21 -55 -22 -12
-18 -55 -33 -10
-23 -33 -33 -8
-20 -33 123 15
6 82 -86 18
14 -40 -30 -24
9 27 -31 -39
-11 27 -12 16
-11 3 -12 16
-32 3 -8 13
27 -23 -16 13
27 -23 13 5
18 -5 13 5
32 0 -5 -11
12 0 -2 -11
-1 0 2 -4
-9 1 -4 -18
-23 -2 -4 -18
-25 1 1 -35
-28 1 -2 -39
0 0 0 0
0 0 0 0
0 0 0 0
0 0 0 0
0 0 0 0
0 0 0 0
0 0 0 0
0 0 0 0
0 0 0 0
0 0 0 0
0 0 0 0
0 0 0 0
0 0 0 0
0 0 0 0
0 0 0 0
0 0 0 0
0 0 0 0
-56 -10 -6 -88
-64 -13 -6 -88
-66 -13 -12 -69
-55 -21 -12 -22
-55 -18 -10 -33
-33 -23 -8 -33
-33 -20 15 123
82 6 18 -86
-40 14 -24 -30
27 9 -39 -31
27 -11 16 -12
3 -11 16 -12
3 -32 13 -8
-23 27 13 -16
-23 27 5 13
-5 18 5 13
0 32 -11 -5
0 12 -11 -2
0 -1 -4 2
1 -9 -18 -4
-2 -23 -18 -4
1 -25 -35 1
1 -28 -39 -2
0 0 0 0
0 0 0 0
0 0 0 0
0 0 0 0
0 0 0 0
0 0 0 0
0 0 0 0
0 0 0 0
0 0 0 0
0 0 0 0
0 0 0 0
0 0 0 0
0 0 0 0
0 0 0 0
0 0 0 0
0 0 0 0
0 0 0 0
-10 -56 -63 -10
-13 -64 -63 -13
-13 -66 -56 -12
-21 -55 -57 -23
-18 -55 -61 -23
-23 -33 -53 -15
-20 -33 150 -18
6 82 -58 13
14 -40 -27 13
9 27 44 37
-11 27 -73 -62
-11 3 -9 16
-32 3 -9 -24
27 -23 0 3
27 -23 -3 34
18 -5 -4 7
32 0 -2 7
12 0 0 -11
-1 0 -2 -35
-9 1 -2 -41
-23 -2 0 0
-25 1 0 0
-28 1 0 0
0 0 0 0
0 0 0 0
0 0 0 0
0 0 0 0
0 0 0 0
0 0 0 0
0 0 0 0
0 0 0 0
0 0 0 0
0 0 0 0
0 0 0 0
0 0 0 0
0 0 0 0
0 0 0 0
0 0 0 0
0 0 0 0
0 0 0 0
-56 -10 -10 -63
-64 -13 -13 -63
-66 -13 -12 -56
-55 -21 -23 -57
-55 -18 -23 -61
-33 -23 -15 -53
-33 -20 -18 150
82 6 13 -58
-40 14 13 -27
27 9 37 44
27 -11 -62 -73
3 -11 16 -9
3 -32 -24 -9
-23 27 3 0
-23 27 34 -3
-5 18 7 -4
0 32 7 -2
0 12 -11 0
0 -1 -35 -2
1 -9 -41 -2
-2 -23 0 0
1 -25 0 0
1 -28 0 0
0 0 0 0
0 0 0 0
0 0 0 0
0 0 0 0
0 0 0 0
0 0 0 0
0 0 0 0
0 0 0 0
0 0 0 0
0 0 0 0
0 0 0 0
0 0 0 0
0 0 0 0
0 0 0 0
0 0 0 0
0 0 0 0
0 0 0 0
-10 -56 -53 -4
-13 -64 -52 -6
-13 -66 -80 -8
-21 -55 -50 -11
-18 -55 -39 -11
-23 -33 -31 -10
-20 -33 -39 -1
6 82 150 9
14 -40 -105 19
9 27 -105 -16
-11 27 46 -57
-11 3 35 -61
-32 3 -14 -12
27 -23 10 -59
27 -23 -14 12
18 -5 -3 9
32 0 5 10
12 0 0 0
-1 0 0 0
-9 1 0 0
-23 -2 0 0
-25 1 0 0
-28 1 0 0
0 0 0 0
0 0 0 0
0 0 0 0
0 0 0 0
0 0 0 0
0 0 0 0
0 0 0 0
0 0 0 0
0 0 0 0
0 0 0 0
0 0 0 0
0 0 0 0
0 0 0 0
0 0 0 0
0 0 0 0
0 0 0 0
0 0 0 0
-56 -10 -4 -53
-64 -13 -6 -52
-66 -13 -8 -80
-55 -21 -11 -50
-55 -18 -11 -39
-33 -23 -10 -31
-33 -20 -1 -39
82 6 9 150
-40 14 19 -105
27 9 -16 -105
27 -11 -57 46
3 -11 -61 35
3 -32 -12 -14
-23 27 -59 10
-23 27 12 -14
-5 18 9 -3
0 32 10 5
0 12 0 0
0 -1 0 0
1 -9 0 0
-2 -23 0 0
1 -25 0 0
1 -28 0 0
0 0 0 0
0 0 0 0
0 0 0 0
0 0 0 0
0 0 0 0
0 0 0 0
0 0 0 0
0 0 0 0
0 0 0 0
0 0 0 0
0 0 0 0
0 0 0 0
0 0 0 0
0 0 0 0
0 0 0 0
0 0 0 0
0 0 0 0
-10 -56 -2 -9
-13 -64 0 -14
-13 -66 4 -20
-21 -55 1 -27
-18 -55 0 -32
-23 -33 -3 -38
-20 -33 -14 -61
6 82 -8 -69
14 -40 -8 -69
9 27 -11 -64
-11 27 -15 -70
-11 3 -15 63
-32 3 -12 63
27 -23 -12 -27
27 -23 32 -4
18 -5 32 -4
32 0 -40 -31
12 0 -9 -13
-1 0 13 1
-9 1 34 2
-23 -2 36 4
-25 1 27 2
-28 1 -8 1
0 0 -25 -2
0 0 -25 -2
0 0 0 0
0 0 0 0
0 0 0 0
0 0 0 0
0 0 0 0
0 0 0 0
0 0 0 0
0 0 0 0
0 0 0 0
0 0 0 0
0 0 0 0
0 0 0 0
0 0 0 0
0 0 0 0
0 0 0 0
-56 -10 -9 -2
-64 -13 -14 0
-66 -13 -20 4
-55 -21 -27 1
-55 -18 -32 0
-33 -23 -38 -3
-33 -20 -61 -14
82 6 -69 -8
-40 14 -69 -8
27 9 -64 -11
27 -11 -70 -15
3 -11 63 -15
3 -32 63 -12
-23 27 -27 -12
-23 27 -4 32
-5 18 -4 32
0 32 -31 -40
0 12 -13 -9
0 -1 1 13
1 -9 2 34
-2 -23 4 36
1 -25 2 27
1 -28 1 -8
0 0 -2 -25
0 0 -2 -25
0 0 0 0
0 0 0 0
0 0 0 0
0 0 0 0
0 0 0 0
0 0 0 0
0 0 0 0
0 0 0 0
0 0 0 0
0 0 0 0
0 0 0 0
0 0 0 0
0 0 0 0
0 0 0 0
0 0 0 0
-8 -91 -91 -8
-13 -21 -21 -13
-14 -10 -10 -14
-13 -23 -23 -13
-6 18 18 -6
12 37 37 12
15 -33 -33 15
11 -42 -42 11
-28 5 5 -28
-18 -37 -37 -18
3 -6 -6 3
-11 -11 -11 -11
9 -7 -7 9
9 -7 -7 9
5 7 7 5
0 -5 -5 0
-6 6 6 -6
-6 6 6 -6
-5 0 0 -5
-8 0 0 -8
-23 4 4 -23
-23 4 4 -23
0 0 0 0
0 0 0 0
0 0 0 0
0 0 0 0
0 0 0 0
0 0 0 0
0 0 0 0
0 0 0 0
0 0 0 0
0 0 0 0
0 0 0 0
0 0 0 0
0 0 0 0
0 0 0 0
0 0 0 0
0 0 0 0
0 0 0 0
0 0 0 0
-91 -8 -8 -91
-21 -13 -13 -21
-10 -14 -14 -10
-23 -13 -13 -23
18 -6 -6 18
37 12 12 37
-33 15 15 -33
-42 11 11 -42
5 -28 -28 5
-37 -18 -18 -37
-6 3 3 -6
-11 -11 -11 -11
-7 9 9 -7
-7 9 9 -7
7 5 5 7
-5 0 0 -5
6 -6 -6 6
6 -6 -6 6
0 -5 -5 0
0 -8 -8 0
4 -23 -23 4
4 -23 -23 4
0 0 0 0
0 0 0 0
0 0 0 0
0 0 0 0
0 0 0 0
0 0 0 0
0 0 0 0
0 0 0 0
0 0 0 0
0 0 0 0
0 0 0 0
0 0 0 0
0 0 0 0
0 0 0 0
0 0 0 0
0 0 0 0
0 0 0 0
0 0 0 0
-8 -91 -53 -7
-13 -21 -55 -6
-14 -10 -60 -22
-13 -23 -60 -22
-6 18 -59 -15
12 37 10 -23
15 -33 -5 -6
11 -42 -32 -6
-28 5 5 22
-18 -37 14 27
3 -6 -27 -36
-11 -11 -6 56
9 -7 -3 53
9 -7 -4 -66
5 7 2 46
0 -5 -6 24
-6 6 -6 5
-6 6 -2 -16
-5 0 -5 -19
-8 0 -6 -19
-23 4 -6 -22
-23 4 -6 -27
0 0 -4 -38
0 0 -1 -36
0 0 0 0
0 0 0 0
0 0 0 0
0 0 0 0
0 0 0 0
0 0 0 0
0 0 0 0
0 0 0 0
0 0 0 0
0 0 0 0
0 0 0 0
0 0 0 0
0 0 0 0
0 0 0 0
0 0 0 0
0 0 0 0
-91 -8 -7 -53
-21 -13 -6 -55
-10 -14 -22 -60
-23 -13 -22 -60
18 -6 -15 -59
37 12 -23 10
-33 15 -6 -5
-42 11 -6 -32
5 -28 22 5
-37 -18 27 14
-6 3 -36 -27
-11 -11 56 -6
-7 9 53 -3
-7 9 -66 -4
7 5 46 2
-5 0 24 -6
6 -6 5 -6
6 -6 -16 -2
0 -5 -19 -5
0 -8 -19 -6
4 -23 -22 -6
4 -23 -27 -6
0 0 -38 -4
0 0 -36 -1
0 0 0 0
0 0 0 0
0 0 0 0
0 0 0 0
0 0 0 0
0 0 0 0
0 0 0 0
0 0 0 0
0 0 0 0
0 0 0 0
0 0 0 0
0 0 0 0
0 0 0 0
0 0 0 0
0 0 0 0
0 0 0 0
-8 -91 -88 -6
-13 -21 -88 -6
-14 -10 -69 -12
-13 -23 -22 -12
-6 18 -33 -10
12 37 -33 -8
15 -33 123 15
11 -42 -86 18
-28 5 -30 -24
-18 -37 -31 -39
3 -6 -12 16
-11 -11 -12 16
9 -7 -8 13
9 -7 -16 13
5 7 13 5
0 -5 13 5
-6 6 -5 -11
-6 6 -2 -11
-5 0 2 -4
-8 0 -4 -18
-23 4 -4 -18
-23 4 1 -35
0 0 -2 -39
0 0 0 0
0 0 0 0
0 0 0 0
0 0 0 0
0 0 0 0
0 0 0 0
0 0 0 0
0 0 0 0
0 0 0 0
0 0 0 0
0 0 0 0
0 0 0 0
0 0 0 0
0 0 0 0
0 0 0 0
0 0 0 0
0 0 0 0
-91 -8 -6 -88
-21 -13 -6 -88
-10 -14 -12 -69
-23 -13 -12 -22
18 -6 -10 -33
37 12 -8 -33
-33 15 15 123
-42 11 18 -86
5 -28 -24 -30
-37 -18 -39 -31
-6 3 16 -12
-11 -11 16 -12
-7 9 13 -8
-7 9 13 -16
7 5 5 13
-5 0 5 13
6 -6 -11 -5
6 -6 -11 -2
0 -5 -4 2
0 -8 -18 -4
4 -23 -18 -4
4 -23 -35 1
0 0 -39 -2
0 0 0 0
0 0 0 0
0 0 0 0
0 0 0 0
0 0 0 0
0 0 0 0
0 0 0 0
0 0 0 0
0 0 0 0
0 0 0 0
0 0 0 0
0 0 0 0
0 0 0 0
0 0 0 0
0 0 0 0
0 0 0 0
0 0 0 0
-8 -91 -63 -10
-13 -21 -63 -13
-14 -10 -56 -12
-13 -23 -57 -23
-6 18 -61 -23
12 37 -53 -15
15 -33 150 -18
11 -42 -58 13
-28 5 -27 13
-18 -37 44 37
3 -6 -73 -62
-11 -11 -9 16
9 -7 -9 -24
9 -7 0 3
5 7 -3 34
0 -5 -4 7
-6 6 -2 7
-6 6 0 -11
-5 0 -2 -35
-8 0 -2 -41
-23 4 0 0
-23 4 0 0
0 0 0 0
0 0 0 0
0 0 0 0
0 0 0 0
0 0 0 0
0 0 0 0
0 0 0 0
0 0 0 0
0 0 0 0
0 0 0 0
0 0 0 0
0 0 0 0
0 0 0 0
0 0 0 0
0 0 0 0
0 0 0 0
0 0 0 0
0 0 0 0
-91 -8 -10 -63
-21 -13 -13 -63
-10 -14 -12 -56
-23 -13 -23 -57
18 -6 -23 -61
37 12 -15 -53
-33 15 -18 150
-42 11 13 -58
5 -28 13 -27
-37 -18 37 44
-6 3 -62 -73
-11 -11 16 -9
-7 9 -24 -9
-7 9 3 0
7 5 34 -3
-5 0 7 -4
6 -6 7 -2
6 -6 -11 0
0 -5 -35 -2
0 -8 -41 -2
4 -23 0 0
4 -23 0 0
0 0 0 0
0 0 0 0
0 0 0 0
0 0 0 0
0 0 0 0
0 0 0 0
0 0 0 0
0 0 0 0
0 0 0 0
0 0 0 0
0 0 0 0
0 0 0 0
0 0 0 0
0 0 0 0
0 0 0 0
0 0 0 0
0 0 0 0
0 0 0 0
-8 -91 -53 -4
-13 -21 -52 -6
-14 -10 -80 -8
-13 -23 -50 -11
-6 18 -39 -11
12 37 -31 -10
15 -33 -39 -1
11 -42 150 9
-28 5 -105 19
-18 -37 -105 -16
3 -6 46 -57
-11 -11 35 -61
9 -7 -14 -12
9 -7 10 -59
5 7 -14 12
0 -5 -3 9
-6 6 5 10
-6 6 0 0
-5 0 0 0
-8 0 0 0
-23 4 0 0
-23 4 0 0
0 0 0 0
0 0 0 0
0 0 0 0
0 0 0 0
0 0 0 0
0 0 0 0
0 0 0 0
0 0 0 0
0 0 0 0
0 0 0 0
0 0 0 0
0 0 0 0
0 0 0 0
0 0 0 0
0 0 0 0
0 0 0 0
0 0 0 0
0 0 0 0
-91 -8 -4 -53
-21 -13 -6 -52
-10 -14 -8 -80
-23 -13 -11 -50
18 -6 -11 -39
37 12 -10 -31
-33 15 -1 -39
-42 11 9 150
5 -28 19 -105
-37 -18 -16 -105
-6 3 -57 46
-11 -11 -61 35
-7 9 -12 -14
-7 9 -59 10
7 5 12 -14
-5 0 9 -3
6 -6 10 5
6 -6 0 0
0 -5 0 0
0 -8 0 0
4 -23 0 0
4 -23 0 0
0 0 0 0
0 0 0 0
0 0 0 0
0 0 0 0
0 0 0 0
0 0 0 0
0 0 0 0
0 0 0 0
0 0 0 0
0 0 0 0
0 0 0 0
0 0 0 0
0 0 0 0
0 0 0 0
0 0 0 0
0 0 0 0
0 0 0 0
0 0 0 0
-8 -91 -2 -9
-13 -21 0 -14
-14 -10 4 -20
-13 -23 1 -27
-6 18 0 -32
12 37 -3 -38
15 -33 -14 -61
11 -42 -8 -69
-28 5 -8 -69
-18 -37 -11 -64
3 -6 -15 -70
-11 -11 -15 63
9 -7 -12 63
9 -7 -12 -27
5 7 32 -4
0 -5 32 -4
-6 6 -40 -31
-6 6 -9 -13
-5 0 13 1
-8 0 34 2
-23 4 36 4
-23 4 27 2
0 0 -8 1
0 0 -25 -2
0 0 -25 -2
0 0 0 0
0 0 0 0
0 0 0 0
0 0 0 0
0 0 0 0
0 0 0 0
0 0 0 0
0 0 0 0
0 0 0 0
0 0 0 0
0 0 0 0
0 0 0 0
0 0 0 0
0 0 0 0
0 0 0 0
-91 -8 -9 -2
-21 -13 -14 0
-10 -14 -20 4
-23 -13 -27 1
18 -6 -32 0
37 12 -38 -3
-33 15 -61 -14
-42 11 -69 -8
5 -28 -69 -8
-37 -18 -64 -11
-6 3 -70 -15
-11 -11 63 -15
-7 9 63 -12
-7 9 -27 -12
7 5 -4 32
-5 0 -4 32
6 -6 -31 -40
6 -6 -13 -9
0 -5 1 13
0 -8 2 34
4 -23 4 36
4 -23 2 27
0 0 1 -8
0 0 -2 -25
0 0 -2 -25
0 0 0 0
0 0 0 0
0 0 0 0
0 0 0 0
0 0 0 0
0 0 0 0
0 0 0 0
0 0 0 0
0 0 0 0
0 0 0 0
0 0 0 0
0 0 0 0
0 0 0 0
0 0 0 0
0 0 0 0
-7 -53 -53 -7
-6 -55 -55 -6
-22 -60 -60 -22
-22 -60 -60 -22
-15 -59 -59 -15
-23 10 10 -23
-6 -5 -5 -6
-6 -32 -32 -6
22 5 5 22
27 14 14 27
-36 -27 -27 -36
56 -6 -6 56
53 -3 -3 53
-66 -4 -4 -66
46 2 2 46
24 -6 -6 24
5 -6 -6 5
-16 -2 -2 -16
-19 -5 -5 -19
-19 -6 -6 -19
-22 -6 -6 -22
-27 -6 -6 -27
-38 -4 -4 -38
-36 -1 -1 -36
0 0 0 0
0 0 0 0
0 0 0 0
0 0 0 0
0 0 0 0
0 0 0 0
0 0 0 0
0 0 0 0
0 0 0 0
0 0 0 0
0 0 0 0
0 0 0 0
0 0 0 0
0 0 0 0
0 0 0 0
0 0 0 0
-53 -7 -7 -53
-55 -6 -6 -55
-60 -22 -22 -60
-60 -22 -22 -60
-59 -15 -15 -59
10 -23 -23 10
-5 -6 -6 -5
-32 -6 -6 -32
5 22 22 5
14 27 27 14
-27 -36 -36 -27
-6 56 56 -6
-3 53 53 -3
-4 -66 -66 -4
2 46 46 2
-6 24 24 -6
-6 5 5 -6
-2 -16 -16 -2
-5 -19 -19 -5
-6 -19 -19 -6
-6 -22 -22 -6
-6 -27 -27 -6
-4 -38 -38 -4
-1 -36 -36 -1
0 0 0 0
0 0 0 0
0 0 0 0
0 0 0 0
0 0 0 0
0 0 0 0
0 0 0 0
0 0 0 0
0 0 0 0
0 0 0 0
0 0 0 0
0 0 0 0
0 0 0 0
0 0 0 0
0 0 0 0
0 0 0 0
-7 -53 -88 -6
-6 -55 -88 -6
-22 -60 -69 -12
-22 -60 -22 -12
-15 -59 -33 -10
-23 10 -33 -8
-6 -5 123 15
-6 -32 -86 18
22 5 -30 -24
27 14 -31 -39
-36 -27 -12 16
56 -6 -12 16
53 -3 -8 13
-66 -4 -16 13
46 2 13 5
24 -6 13 5
5 -6 -5 -11
-16 -2 -2 -11
-19 -5 2 -4
-19 -6 -4 -18
-22 -6 -4 -18
-27 -6 1 -35
-38 -4 -2 -39
-36 -1 0 0
0 0 0 0
0 0 0 0
0 0 0 0
0 0 0 0
0 0 0 0
0 0 0 0
0 0 0 0
0 0 0 0
0 0 0 0
0 0 0 0
0 0 0 0
0 0 0 0
0 0 0 0
0 0 0 0
0 0 0 0
0 0 0 0
-53 -7 -6 -88
-55 -6 -6 -88
-60 -22 -12 -69
-60 -22 -12 -22
-59 -15 -10 -33
10 -23 -8 -33
-5 -6 15 123
-32 -6 18 -86
5 22 -24 -30
14 27 -39 -31
-27 -36 16 -12
-6 56 16 -12
-3 53 13 -8
-4 -66 13 -16
2 46 5 13
-6 24 5 13
-6 5 -11 -5
-2 -16 -11 -2
-5 -19 -4 2
-6 -19 -18 -4
-6 -22 -18 -4
-6 -27 -35 1
-4 -38 -39 -2
-1 -36 0 0
0 0 0 0
0 0 0 0
0 0 0 0
0 0 0 0
0 0 0 0
0 0 0 0
0 0 0 0
0 0 0 0
0 0 0 0
0 0 0 0
0 0 0 0
0 0 0 0
0 0 0 0
0 0 0 0
0 0 0 0
0 0 0 0
-7 -53 -63 -10
-6 -55 -63 -13
-22 -60 -56 -12
-22 -60 -57 -23
-15 -59 -61 -23
-23 10 -53 -15
-6 -5 150 -18
-6 -32 -58 13
22 5 -27 13
27 14 44 37
-36 -27 -73 -62
56 -6 -9 16
53 -3 -9 -24
-66 -4 0 3
46 2 -3 34
24 -6 -4 7
5 -6 -2 7
-16 -2 0 -11
-19 -5 -2 -35
-19 -6 -2 -41
-22 -6 0 0
-27 -6 0 0
-38 -4 0 0
-36 -1 0 0
0 0 0 0
0 0 0 0
0 0 0 0
0 0 0 0
0 0 0 0
0 0 0 0
0 0 0 0
0 0 0 0
0 0 0 0
0 0 0 0
0 0 0 0
0 0 0 0
0 0 0 0
0 0 0 0
0 0 0 0
0 0 0 0
-53 -7 -10 -63
-55 -6 -13 -63
-60 -22 -12 -56
-60 -22 -23 -57
-59 -15 -23 -61
10 -23 -15 -53
-5 -6 -18 150
-32 -6 13 -58
5 22 13 -27
14 27 37 44
-27 -36 -62 -73
-6 56 16 -9
-3 53 -24 -9
-4 -66 3 0
2 46 34 -3
-6 24 7 -4
-6 5 7 -2
-2 -16 -11 0
-5 -19 -35 -2
-6 -19 -41 -2
-6 -22 0 0
-6 -27 0 0
-4 -38 0 0
-1 -36 0 0
0 0 0 0
0 0 0 0
0 0 0 0
0 0 0 0
0 0 0 0
0 0 0 0
0 0 0 0
0 0 0 0
0 0 0 0
0 0 0 0
0 0 0 0
0 0 0 0
0 0 0 0
0 0 0 0
0 0 0 0
0 0 0 0
-7 -53 -53 -4
-6 -55 -52 -6
-22 -60 -80 -8
-22 -60 -50 -11
-15 -59 -39 -11
-23 10 -31 -10
-6 -5 -39 -1
-6 -32 150 9
22 5 -105 19
27 14 -105 -16
-36 -27 46 -57
56 -6 35 -61
53 -3 -14 -12
-66 -4 10 -59
46 2 -14 12
24 -6 -3 9
5 -6 5 10
-16 -2 0 0
-19 -5 0 0
-19 -6 0 0
-22 -6 0 0
-27 -6 0 0
-38 -4 0 0
-36 -1 0 0
0 0 0 0
0 0 0 0
0 0 0 0
0 0 0 0
0 0 0 0
0 0 0 0
0 0 0 0
0 0 0 0
0 0 0 0
0 0 0 0
0 0 0 0
0 0 0 0
0 0 0 0
0 0 0 0
0 0 0 0
0 0 0 0
-53 -7 -4 -53
-55 -6 -6 -52
-60 -22 -8 -80
-60 -22 -11 -50
-59 -15 -11 -39
10 -23 -10 -31
-5 -6 -1 -39
-32 -6 9 150
5 22 19 -105
14 27 -16 -105
-27 -36 -57 46
-6 56 -61 35
-3 53 -12 -14
-4 -66 -59 10
2 46 12 -14
-6 24 9 -3
-6 5 10 5
-2 -16 0 0
-5 -19 0 0
-6 -19 0 0
-6 -22 0 0
-6 -27 0 0
-4 -38 0 0
-1 -36 0 0
0 0 0 0
0 0 0 0
0 0 0 0
0 0 0 0
0 0 0 0
0 0 0 0
0 0 0 0
0 0 0 0
0 0 0 0
0 0 0 0
0 0 0 0
0 0 0 0
0 0 0 0
0 0 0 0
0 0 0 0
0 0 0 0
-7 -53 -2 -9
-6 -55 0 -14
-22 -60 4 -20
-22 -60 1 -27
-15 -59 0 -32
-23 10 -3 -38
-6 -5 -14 -61
-6 -32 -8 -69
22 5 -8 -69
27 14 -11 -64
-36 -27 -15 -70
56 -6 -15 63
53 -3 -12 63
-66 -4 -12 -27
46 2 32 -4
24 -6 32 -4
5 -6 -40 -31
-16 -2 -9 -13
-19 -5 13 1
-19 -6 34 2
-22 -6 36 4
-27 -6 27 2
-38 -4 -8 1
-36 -1 -25 -2
0 0 -25 -2
0 0 0 0
0 0 0 0
0 0 0 0
0 0 0 0
0 0 0 0
0 0 0 0
0 0 0 0
0 0 0 0
0 0 0 0
0 0 0 0
0 0 0 0
0 0 0 0
0 0 0 0
0 0 0 0
0 0 0 0
-53 -7 -9 -2
-55 -6 -14 0
-60 -22 -20 4
-60 -22 -27 1
-59 -15 -32 0
10 -23 -38 -3
-5 -6 -61 -14
-32 -6 -69 -8
5 22 -69 -8
14 27 -64 -11
-27 -36 -70 -15
-6 56 63 -15
-3 53 63 -12
-4 -66 -27 -12
2 46 -4 32
-6 24 -4 32
-6 5 -31 -40
-2 -16 -13 -9
-5 -19 1 13
-6 -19 2 34
-6 -22 4 36
-6 -27 2 27
-4 -38 1 -8
-1 -36 -2 -25
0 0 -2 -25
0 0 0 0
0 0 0 0
0 0 0 0
0 0 0 0
0 0 0 0
0 0 0 0
0 0 0 0
0 0 0 0
0 0 0 0
0 0 0 0
0 0 0 0
0 0 0 0
0 0 0 0
0 0 0 0
0 0 0 0
-6 -88 -88 -6
-6 -88 -88 -6
-12 -69 -69 -12
-12 -22 -22 -12
-10 -33 -33 -10
-8 -33 -33 -8
15 123 123 15
18 -86 -86 18
-24 -30 -30 -24
-39 -31 -31 -39
16 -12 -12 16
16 -12 -12 16
13 -8 -8 13
13 -16 -16 13
5 13 13 5
5 13 13 5
-11 -5 -5 -11
-11 -2 -2 -11
-4 2 2 -4
-18 -4 -4 -18
-18 -4 -4 -18
-35 1 1 -35
-39 -2 -2 -39
0 0 0 0
0 0 0 0
0 0 0 0
0 0 0 0
0 0 0 0
0 0 0 0
0 0 0 0
0 0 0 0
0 0 0 0
0 0 0 0
0 0 0 0
0 0 0 0
0 0 0 0
0 0 0 0
0 0 0 0
0 0 0 0
0 0 0 0
-88 -6 -6 -88
-88 -6 -6 -88
-69 -12 -12 -69
-22 -12 -12 -22
-33 -10 -10 -33
-33 -8 -8 -33
123 15 15 123
-86 18 18 -86
-30 -24 -24 -30
-31 -39 -39 -31
-12 16 16 -12
-12 16 16 -12
-8 13 13 -8
-16 13 13 -16
13 5 5 13
13 5 5 13
-5 -11 -11 -5
-2 -11 -11 -2
2 -4 -4 2
-4 -18 -18 -4
-4 -18 -18 -4
1 -35 -35 1
-2 -39 -39 -2
0 0 0 0
0 0 0 0
0 0 0 0
0 0 0 0
0 0 0 0
0 0 0 0
0 0 0 0
0 0 0 0
0 0 0 0
0 0 0 0
0 0 0 0
0 0 0 0
0 0 0 0
0 0 0 0
0 0 0 0
0 0 0 0
0 0 0 0
-6 -88 -63 -10
-6 -88 -63 -13
-12 -69 -56 -12
-12 -22 -57 -23
-10 -33 -61 -23
-8 -33 -53 -15
15 123 150 -18
18 -86 -58 13
-24 -30 -27 13
-39 -31 44 37
16 -12 -73 -62
16 -12 -9 16
13 -8 -9 -24
13 -16 0 3
5 13 -3 34
5 13 -4 7
-11 -5 -2 7
-11 -2 0 -11
-4 2 -2 -35
-18 -4 -2 -41
-18 -4 0 0
-35 1 0 0
-39 -2 0 0
0 0 0 0
0 0 0 0
0 0 0 0
0 0 0 0
0 0 0 0
0 0 0 0
0 0 0 0
0 0 0 0
0 0 0 0
0 0 0 0
0 0 0 0
0 0 0 0
0 0 0 0
0 0 0 0
0 0 0 0
0 0 0 0
0 0 0 0
-88 -6 -10 -63
-88 -6 -13 -63
-69 -12 -12 -56
-22 -12 -23 -57
-33 -10 -23 -61
-33 -8 -15 -53
123 15 -18 150
-86 18 13 -58
-30 -24 13 -27
-31 -39 37 44
-12 16 -62 -73
-12 16 16 -9
-8 13 -24 -9
-16 13 3 0
13 5 34 -3
13 5 7 -4
-5 -11 7 -2
-2 -11 -11 0
2 -4 -35 -2
-4 -18 -41 -2
-4 -18 0 0
1 -35 0 0
-2 -39 0 0
0 0 0 0
0 0 0 0
0 0 0 0
0 0 0 0
0 0 0 0
0 0 0 0
0 0 0 0
0 0 0 0
0 0 0 0
0 0 0 0
0 0 0 0
0 0 0 0
0 0 0 0
0 0 0 0
0 0 0 0
0 0 0 0
0 0 0 0
-6 -88 -53 -4
-6 -88 -52 -6
-12 -69 -80 -8
-12 -22 -50 -11
-10 -33 -39 -11
-8 -33 -31 -10
15 123 -39 -1
18 -86 150 9
-24 -30 -105 19
-39 -31 -105 -16
16 -12 46 -57
16 -12 35 -61
13 -8 -14 -12
13 -16 10 -59
5 13 -14 12
5 13 -3 9
-11 -5 5 10
-11 -2 0 0
-4 2 0 0
-18 -4 0 0
-18 -4 0 0
-35 1 0 0
-39 -2 0 0
0 0 0 0
0 0 0 0
0 0 0 0
0 0 0 0
0 0 0 0
0 0 0 0
0 0 0 0
0 0 0 0
0 0 0 0
0 0 0 0
0 0 0 0
0 0 0 0
0 0 0 0
0 0 0 0
0 0 0 0
0 0 0 0
0 0 0 0
-88 -6 -4 -53
-88 -6 -6 -52
-69 -12 -8 -80
-22 -12 -11 -50
-33 -10 -11 -39
-33 -8 -10 -31
123 15 -1 -39
-86 18 9 150
-30 -24 19 -105
-31 -39 -16 -105
-12 16 -57 46
-12 16 -61 35
-8 13 -12 -14
-16 13 -59 10
13 5 12 -14
13 5 9 -3
-5 -11 10 5
-2 -11 0 0
2 -4 0 0
-4 -18 0 0
-4 -18 0 0
1 -35 0 0
-2 -39 0 0
0 0 0 0
0 0 0 0
0 0 0 0
0 0 0 0
0 0 0 0
0 0 0 0
0 0 0 0
0 0 0 0
0 0 0 0
0 0 0 0
0 0 0 0
0 0 0 0
0 0 0 0
0 0 0 0
0 0 0 0
0 0 0 0
0 0 0 0
-6 -88 -2 -9
-6 -88 0 -14
-12 -69 4 -20
-12 -22 1 -27
-10 -33 0 -32
-8 -33 -3 -38
15 123 -14 -61
18 -86 -8 -69
-24 -30 -8 -69
-39 -31 -11 -64
16 -12 -15 -70
16 -12 -15 63
13 -8 -12 63
13 -16 -12 -27
5 13 32 -4
5 13 32 -4
-11 -5 -40 -31
-11 -2 -9 -13
-4 2 13 1
-18 -4 34 2
-18 -4 36 4
-35 1 27 2
-39 -2 -8 1
0 0 -25 -2
0 0 -25 -2
0 0 0 0
0 0 0 0
0 0 0 0
0 0 0 0
0 0 0 0
0 0 0 0
0 0 0 0
0 0 0 0
0 0 0 0
0 0 0 0
0 0 0 0
0 0 0 0
0 0 0 0
0 0 0 0
0 0 0 0
-88 -6 -9 -2
-88 -6 -14 0
-69 -12 -20 4
-22 -12 -27 1
-33 -10 -32 0
-33 -8 -38 -3
123 15 -61 -14
-86 18 -69 -8
-30 -24 -69 -8
-31 -39 -64 -11
-12 16 -70 -15
-12 16 63 -15
-8 13 63 -12
-16 13 -27 -12
13 5 -4 32
13 5 -4 32
-5 -11 -31 -40
-2 -11 -13 -9
2 -4 1 13
-4 -18 2 34
-4 -18 4 36
1 -35 2 27
-2 -39 1 -8
0 0 -2 -25
0 0 -2 -25
0 0 0 0
0 0 0 0
0 0 0 0
0 0 0 0
0 0 0 0
0 0 0 0
0 0 0 0
0 0 0 0
0 0 0 0
0 0 0 0
0 0 0 0
0 0 0 0
0 0 0 0
0 0 0 0
0 0 0 0
-10 -63 -63 -10
-13 -63 -63 -13
-12 -56 -56 -12
-23 -57 -57 -23
-23 -61 -61 -23
-15 -53 -53 -15
-18 150 150 -18
13 -58 -58 13
13 -27 -27 13
37 44 44 37
-62 -73 -73 -62
16 -9 -9 16
-24 -9 -9 -24
3 0 0 3
34 -3 -3 34
7 -4 -4 7
7 -2 -2 7
-11 0 0 -11
-35 -2 -2 -35
-41 -2 -2 -41
0 0 0 0
0 0 0 0
0 0 0 0
0 0 0 0
0 0 0 0
0 0 0 0
0 0 0 0
0 0 0 0
0 0 0 0
0 0 0 0
0 0 0 0
0 0 0 0
0 0 0 0
0 0 0 0
0 0 0 0
0 0 0 0
0 0 0 0
0 0 0 0
0 0 0 0
0 0 0 0
-63 -10 -10 -63
-63 -13 -13 -63
-56 -12 -12 -56
-57 -23 -23 -57
-61 -23 -23 -61
-53 -15 -15 -53
150 -18 -18 150
-58 13 13 -58
-27 13 13 -27
44 37 37 44
-73 -62 -62 -73
-9 16 16 -9
-9 -24 -24 -9
0 3 3 0
-3 34 34 -3
-4 7 7 -4
-2 7 7 -2
0 -11 -11 0
-2 -35 -35 -2
-2 -41 -41 -2
0 0 0 0
0 0 0 0
0 0 0 0
0 0 0 0
0 0 0 0
0 0 0 0
0 0 0 0
0 0 0 0
0 0 0 0
0 0 0 0
0 0 0 0
0 0 0 0
0 0 0 0
0 0 0 0
0 0 0 0
0 0 0 0
0 0 0 0
0 0 0 0
0 0 0 0
0 0 0 0
-10 -63 -53 -4
-13 -63 -52 -6
-12 -56 -80 -8
-23 -57 -50 -11
-23 -61 -39 -11
-15 -53 -31 -10
-18 150 -39 -1
13 -58 150 9
13 -27 -105 19
37 44 -105 -16
-62 -73 46 -57
16 -9 35 -61
-24 -9 -14 -12
3 0 10 -59
34 -3 -14 12
7 -4 -3 9
7 -2 5 10
-11 0 0 0
-35 -2 0 0
-41 -2 0 0
0 0 0 0
0 0 0 0
0 0 0 0
0 0 0 0
0 0 0 0
0 0 0 0
0 0 0 0
0 0 0 0
0 0 0 0
0 0 0 0
0 0 0 0
0 0 0 0
0 0 0 0
0 0 0 0
0 0 0 0
0 0 0 0
0 0 0 0
0 0 0 0
0 0 0 0
0 0 0 0
-63 -10 -4 -53
-63 -13 -6 -52
-56 -12 -8 -80
-57 -23 -11 -50
-61 -23 -11 -39
-53 -15 -10 -31
150 -18 -1 -39
-58 13 9 150
-27 13 19 -105
44 37 -16 -105
-73 -62 -57 46
-9 16 -61 35
-9 -24 -12 -14
0 3 -59 10
-3 34 12 -14
-4 7 9 -3
-2 7 10 5
0 -11 0 0
-2 -35 0 0
-2 -41 0 0
0 0 0 0
0 0 0 0
0 0 0 0
0 0 0 0
0 0 0 0
0 0 0 0
0 0 0 0
0 0 0 0
0 0 0 0
0 0 0 0
0 0 0 0
0 0 0 0
0 0 0 0
0 0 0 0
0 0 0 0
0 0 0 0
0 0 0 0
0 0 0 0
0 0 0 0
0 0 0 0
-10 -63 -2 -9
-13 -63 0 -14
-12 -56 4 -20
-23 -57 1 -27
-23 -61 0 -32
-15 -53 -3 -38
-18 150 -14 -61
13 -58 -8 -69
13 -27 -8 -69
37 44 -11 -64
-62 -73 -15 -70
16 -9 -15 63
-24 -9 -12 63
3 0 -12 -27
34 -3 32 -4
7 -4 32 -4
7 -2 -40 -31
-11 0 -9 -13
-35 -2 13 1
-41 -2 34 2
0 0 36 4
0 0 27 2
0 0 -8 1
0 0 -25 -2
0 0 -25 -2
0 0 0 0
0 0 0 0
0 0 0 0
0 0 0 0
0 0 0 0
0 0 0 0
0 0 0 0
0 0 0 0
0 0 0 0
0 0 0 0
0 0 0 0
0 0 0 0
0 0 0 0
0 0 0 0
0 0 0 0
-63 -10 -9 -2
-63 -13 -14 0
-56 -12 -20 4
-57 -23 -27 1
-61 -23 -32 0
-53 -15 -38 -3
150 -18 -61 -14
-58 13 -69 -8
-27 13 -69 -8
44 37 -64 -11
-73 -62 -70 -15
-9 16 63 -15
-9 -24 63 -12
0 3 -27 -12
-3 34 -4 32
-4 7 -4 32
-2 7 -31 -40
0 -11 -13 -9
-2 -35 1 13
-2 -41 2 34
0 0 4 36
0 0 2 27
0 0 1 -8
0 0 -2 -25
0 0 -2 -25
0 0 0 0
0 0 0 0
0 0 0 0
0 0 0 0
0 0 0 0
0 0 0 0
0 0 0 0
0 0 0 0
0 0 0 0
0 0 0 0
0 0 0 0
0 0 0 0
0 0 0 0
0 0 0 0
0 0 0 0
-4 -53 -53 -4
-6 -52 -52 -6
-8 -80 -80 -8
-11 -50 -50 -11
-11 -39 -39 -11
-10 -31 -31 -10
-1 -39 -39 -1
9 150 150 9
19 -105 -105 19
-16 -105 -105 -16
-57 46 46 -57
-61 35 35 -61
-12 -14 -14 -12
-59 10 10 -59
12 -14 -14 12
9 -3 -3 9
10 5 5 10
0 0 0 0
0 0 0 0
0 0 0 0
0 0 0 0
0 0 0 0
0 0 0 0
0 0 0 0
0 0 0 0
0 0 0 0
0 0 0 0
0 0 0 0
0 0 0 0
0 0 0 0
0 0 0 0
0 0 0 0
0 0 0 0
0 0 0 0
0 0 0 0
0 0 0 0
0 0 0 0
0 0 0 0
0 0 0 0
0 0 0 0
-53 -4 -4 -53
-52 -6 -6 -52
-80 -8 -8 -80
-50 -11 -11 -50
-39 -11 -11 -39
-31 -10 -10 -31
-39 -1 -1 -39
150 9 9 150
-105 19 19 -105
-105 -16 -16 -105
46 -57 -57 46
35 -61 -61 35
-14 -12 -12 -14
10 -59 -59 10
-14 12 12 -14
-3 9 9 -3
5 10 10 5
0 0 0 0
0 0 0 0
0 0 0 0
0 0 0 0
0 0 0 0
0 0 0 0
0 0 0 0
0 0 0 0
0 0 0 0
0 0 0 0
0 0 0 0
0 0 0 0
0 0 0 0
0 0 0 0
0 0 0 0
0 0 0 0
0 0 0 0
0 0 0 0
0 0 0 0
0 0 0 0
0 0 0 0
0 0 0 0
0 0 0 0
-4 -53 -2 -9
-6 -52 0 -14
-8 -80 4 -20
-11 -50 1 -27
-11 -39 0 -32
-10 -31 -3 -38
-1 -39 -14 -61
9 150 -8 -69
19 -105 -8 -69
-16 -105 -11 -64
-57 46 -15 -70
-61 35 -15 63
-12 -14 -12 63
-59 10 -12 -27
12 -14 32 -4
9 -3 32 -4
10 5 -40 -31
0 0 -9 -13
0 0 13 1
0 0 34 2
0 0 36 4
0 0 27 2
0 0 -8 1
0 0 -25 -2
0 0 -25 -2
0 0 0 0
0 0 0 0
0 0 0 0
0 0 0 0
0 0 0 0
0 0 0 0
0 0 0 0
0 0 0 0
0 0 0 0
0 0 0 0
0 0 0 0
0 0 0 0
0 0 0 0
0 0 0 0
0 0 0 0
-53 -4 -9 -2
-52 -6 -14 0
-80 -8 -20 4
-50 -11 -27 1
-39 -11 -32 0
-31 -10 -38 -3
-39 -1 -61 -14
150 9 -69 -8
-105 19 -69 -8
-105 -16 -64 -11
46 -57 -70 -15
35 -61 63 -15
-14 -12 63 -12
10 -59 -27 -12
-14 12 -4 32
-3 9 -4 32
5 10 -31 -40
0 0 -13 -9
0 0 1 13
0 0 2 34
0 0 4 36
0 0 2 27
0 0 1 -8
0 0 -2 -25
0 0 -2 -25
0 0 0 0
0 0 0 0
0 0 0 0
0 0 0 0
0 0 0 0
0 0 0 0
0 0 0 0
0 0 0 0
0 0 0 0
0 0 0 0
0 0 0 0
0 0 0 0
0 0 0 0
0 0 0 0
0 0 0 0
-9 -2 -2 -9
-14 0 0 -14
-20 4 4 -20
-27 1 1 -27
-32 0 0 -32
-38 -3 -3 -38
-61 -14 -14 -61
-69 -8 -8 -69
-69 -8 -8 -69
-64 -11 -11 -64
-70 -15 -15 -70
63 -15 -15 63
63 -12 -12 63
-27 -12 -12 -27
-4 32 32 -4
-4 32 32 -4
-31 -40 -40 -31
-13 -9 -9 -13
1 13 13 1
2 34 34 2
4 36 36 4
2 27 27 2
1 -8 -8 1
-2 -25 -25 -2
-2 -25 -25 -2
0 0 0 0
0 0 0 0
0 0 0 0
0 0 0 0
0 0 0 0
0 0 0 0
0 0 0 0
0 0 0 0
0 0 0 0
0 0 0 0
0 0 0 0
0 0 0 0
0 0 0 0
0 0 0 0
0 0 0 0
-2 -9 -9 -2
0 -14 -14 0
4 -20 -20 4
1 -27 -27 1
0 -32 -32 0
-3 -38 -38 -3
-14 -61 -61 -14
-8 -69 -69 -8
-8 -69 -69 -8
-11 -64 -64 -11
-15 -70 -70 -15
-15 63 63 -15
-12 63 63 -12
-12 -27 -27 -12
32 -4 -4 32
32 -4 -4 32
-40 -31 -31 -40
-9 -13 -13 -9
13 1 1 13
34 2 2 34
36 4 4 36
27 2 2 27
-8 1 1 -8
-25 -2 -2 -25
-25 -2 -2 -25
0 0 0 0
0 0 0 0
0 0 0 0
0 0 0 0
0 0 0 0
0 0 0 0
0 0 0 0
0 0 0 0
0 0 0 0
0 0 0 0
0 0 0 0
0 0 0 0
0 0 0 0
0 0 0 0
0 0 0 0
