0.0 -72.0 11.357142
1.0 -76.0 16.714285
2.0 -43.0 19.857143
4.0 -43.0 23.142857
3.0 -29.0 25.142857
3.0 -29.0 27.357143
0.0 -15.0 28.5
1.0 -15.0 29.714285
4.0 -11.0 30.714285
4.0 -9.0 31.428572
3.0 -12.0 32.357143
3.0 -19.0 33.714287
2.0 -18.0 34.285713
5.0 -12.0 31.285715
5.0 -2.0 26.642857
-3.0 30.0 18.785715
0.0 -39.0 18.357143
-1.0 -54.0 18.785715
5.0 0.0 16.857143
11.0 31.0 13.142858
18.0 -25.0 15.142858
-35.0 -38.0 14.214286
-87.0 -35.0 9.428572
-66.0 -14.0 4.785714
-25.0 -14.0 2.9285715
-20.0 -21.0 1.4285715
5.0 -8.0 0.9285714
13.0 -7.0 1.1428572
16.0 -6.0 2.2142856
2.0 -1.0 4.785714
-6.0 5.0 1.2142857
-6.0 5.0 -3.357143
0.0 0.0 0.0
0.0 0.0 0.0
0.0 0.0 0.0
0.0 0.0 0.0
0.0 0.0 0.0
0.0 0.0 0.0
0.0 0.0 0.0
0.0 0.0 0.0
10.0 -22.0 12.428572
42.0 -38.0 18.071428
-13.0 -67.0 21.0
12.0 -60.0 24.714285
-13.0 -31.0 24.428572
-24.0 -36.0 25.071428
-35.0 -28.0 25.357143
-30.0 -41.0 26.928572
-23.0 -57.0 29.214285
-13.0 -48.0 31.5
-8.0 -23.0 32.42857
-5.0 -32.0 32.285713
-5.0 -32.0 31.571428
-7.0 -23.0 30.428572
-1.0 -13.0 29.0
4.0 -16.0 24.714285
4.0 -16.0 22.285715
-4.0 -8.0 17.428572
-16.0 -20.0 16.428572
-34.0 -9.0 13.785714
-34.0 -7.0 12.357142
-41.0 -6.0 9.071428
0.0 1.0 6.571429
-42.0 61.0 -3.2857144
0.0 0.0 0.0
0.0 0.0 0.0
0.0 0.0 0.0
0.0 0.0 0.0
0.0 0.0 0.0
0.0 0.0 0.0
0.0 0.0 0.0
0.0 0.0 0.0
0.0 0.0 0.0
0.0 0.0 0.0
0.0 0.0 0.0
0.0 0.0 0.0
0.0 0.0 0.0
0.0 0.0 0.0
0.0 0.0 0.0
0.0 0.0 0.0
-65.0 -12.0 -10.071428
-59.0 -17.0 -13.357142
-28.0 -19.0 -14.285714
-12.0 -57.0 -9.285714
-12.0 -44.0 -5.071429
-2.0 -6.0 -2.2857144
-1.0 -11.0 -1.5
-9.0 -11.0 6.0
-10.0 -1.0 2.9285715
-10.0 -5.0 -2.5
-5.0 0.0 -7.928571
4.0 -7.0 -2.7857144
-14.0 -18.0 -4.428571
-14.0 -18.0 -0.78571427
-17.0 9.0 1.1428572
0.0 0.0 0.0
0.0 0.0 0.0
0.0 0.0 0.0
0.0 0.0 0.0
0.0 0.0 0.0
0.0 0.0 0.0
0.0 0.0 0.0
0.0 0.0 0.0
0.0 0.0 0.0
0.0 0.0 0.0
0.0 0.0 0.0
0.0 0.0 0.0
0.0 0.0 0.0
0.0 0.0 0.0
0.0 0.0 0.0
0.0 0.0 0.0
0.0 0.0 0.0
0.0 0.0 0.0
0.0 0.0 0.0
0.0 0.0 0.0
0.0 0.0 0.0
0.0 0.0 0.0
0.0 0.0 0.0
0.0 0.0 0.0
0.0 0.0 0.0
-27.0 -51.0 11.214286
-27.0 -51.0 12.642858
-12.0 -52.0 17.357143
1.0 -29.0 19.785715
1.0 -29.0 21.285715
0.0 -27.0 23.285715
0.0 -27.0 20.428572
6.0 -19.0 16.571428
6.0 -19.0 22.071428
-13.0 8.0 16.642857
-7.0 17.0 20.642857
-16.0 6.0 24.785715
-15.0 6.0 15.5
-18.0 -36.0 13.0
-24.0 -2.0 9.714286
-24.0 -2.0 6.428571
-9.0 -109.0 10.714286
3.0 48.0 5.357143
-95.0 -13.0 -2.642857
0.0 0.0 0.0
0.0 0.0 0.0
0.0 0.0 0.0
0.0 0.0 0.0
0.0 0.0 0.0
0.0 0.0 0.0
0.0 0.0 0.0
0.0 0.0 0.0
0.0 0.0 0.0
0.0 0.0 0.0
0.0 0.0 0.0
0.0 0.0 0.0
0.0 0.0 0.0
0.0 0.0 0.0
0.0 0.0 0.0
0.0 0.0 0.0
0.0 0.0 0.0
0.0 0.0 0.0
0.0 0.0 0.0
0.0 0.0 0.0
0.0 0.0 0.0
-37.0 -10.0 -10.357142
-37.0 -10.0 -14.071428
-29.0 -25.0 -16.142857
-20.0 -2.0 -15.928572
-20.0 -2.0 -15.5
-11.0 1.0 -14.785714
-6.0 11.0 -14.5
-6.0 15.0 -17.285715
-6.0 15.0 -17.214285
-16.0 -4.0 -16.5
-9.0 14.0 -25.285715
-3.0 -18.0 -21.0
2.0 -22.0 -13.428572
5.0 -21.0 -9.642858
12.0 -18.0 -5.571429
17.0 -18.0 -1.1428572
17.0 -18.0 1.6428572
0.0 0.0 0.0
0.0 0.0 0.0
0.0 0.0 0.0
0.0 0.0 0.0
0.0 0.0 0.0
0.0 0.0 0.0
0.0 0.0 0.0
0.0 0.0 0.0
0.0 0.0 0.0
0.0 0.0 0.0
0.0 0.0 0.0
0.0 0.0 0.0
0.0 0.0 0.0
0.0 0.0 0.0
0.0 0.0 0.0
0.0 0.0 0.0
0.0 0.0 0.0
0.0 0.0 0.0
0.0 0.0 0.0
0.0 0.0 0.0
0.0 0.0 0.0
0.0 0.0 0.0
0.0 0.0 0.0
121.0 -58.0 15.714286
55.0 -44.0 24.071428
55.0 -44.0 32.0
-12.0 -38.0 35.07143
-4.0 -105.0 43.785713
-15.0 -63.0 48.714287
-20.0 -68.0 53.0
-21.0 -109.0 60.92857
-13.0 -28.0 60.92857
-4.0 -35.0 61.42857
-4.0 -35.0 61.785713
-6.0 -30.0 61.357143
5.0 -19.0 60.57143
5.0 -19.0 59.785713
-1.0 -8.0 47.5
-4.0 0.0 40.142857
-13.0 20.0 30.714285
-40.0 23.0 24.357143
-47.0 30.0 11.642858
-23.0 -10.0 7.285714
-62.0 66.0 -5.285714
0.0 0.0 0.0
0.0 0.0 0.0
0.0 0.0 0.0
0.0 0.0 0.0
0.0 0.0 0.0
0.0 0.0 0.0
0.0 0.0 0.0
0.0 0.0 0.0
0.0 0.0 0.0
0.0 0.0 0.0
0.0 0.0 0.0
0.0 0.0 0.0
0.0 0.0 0.0
0.0 0.0 0.0
0.0 0.0 0.0
0.0 0.0 0.0
0.0 0.0 0.0
0.0 0.0 0.0
0.0 0.0 0.0
-35.0 3.0 -12.785714
-31.0 16.0 -18.357143
-91.0 -1.0 -26.5
-33.0 -59.0 -26.357143
-7.0 -44.0 -25.428572
-35.0 -27.0 -26.5
-35.0 -27.0 -26.785715
-35.0 -27.0 -25.0
-19.0 -8.0 -21.285715
-4.0 -8.0 -15.5
-4.0 -8.0 -14.285714
4.0 -1.0 -4.785714
4.0 3.0 -8.714286
2.0 -6.0 -8.928572
2.0 -6.0 -5.642857
16.0 13.0 -2.0714285
22.0 17.0 4.714286
0.0 0.0 0.0
0.0 0.0 0.0
0.0 0.0 0.0
0.0 0.0 0.0
0.0 0.0 0.0
0.0 0.0 0.0
0.0 0.0 0.0
0.0 0.0 0.0
0.0 0.0 0.0
0.0 0.0 0.0
0.0 0.0 0.0
0.0 0.0 0.0
0.0 0.0 0.0
0.0 0.0 0.0
0.0 0.0 0.0
0.0 0.0 0.0
0.0 0.0 0.0
0.0 0.0 0.0
0.0 0.0 0.0
0.0 0.0 0.0
0.0 0.0 0.0
0.0 0.0 0.0
0.0 0.0 0.0
-113.0 -25.0 -10.642858
31.0 -14.0 -7.714286
23.0 -22.0 -4.785714
-45.0 -106.0 -0.78571427
-41.0 -106.0 3.7857144
-18.0 -55.0 5.857143
-11.0 -87.0 10.714286
-27.0 -102.0 15.857142
-12.0 -25.0 16.428572
-12.0 -25.0 20.142857
-7.0 -24.0 24.142857
-7.0 -24.0 28.285715
-6.0 -19.0 30.642857
-2.0 -9.0 28.285715
-5.0 -11.0 35.0
-5.0 -11.0 32.214287
-1.0 -8.0 29.5
-34.0 12.0 21.857143
-44.0 8.0 13.5
-44.0 8.0 7.142857
-23.0 -17.0 1.2857143
-30.0 61.0 -10.571428
0.0 0.0 0.0
0.0 0.0 0.0
0.0 0.0 0.0
0.0 0.0 0.0
0.0 0.0 0.0
0.0 0.0 0.0
0.0 0.0 0.0
0.0 0.0 0.0
0.0 0.0 0.0
0.0 0.0 0.0
0.0 0.0 0.0
0.0 0.0 0.0
0.0 0.0 0.0
0.0 0.0 0.0
0.0 0.0 0.0
0.0 0.0 0.0
0.0 0.0 0.0
0.0 0.0 0.0
-87.0 11.0 -14.214286
-46.0 -34.0 -15.5
-33.0 -17.0 -17.071428
-30.0 -29.0 -17.642857
-33.0 -29.0 -14.642858
-23.0 -15.0 -11.5
-18.0 5.0 -9.428572
-8.0 1.0 -9.642858
-8.0 1.0 -3.7857144
-11.0 8.0 -11.0
-13.0 20.0 -19.214285
-17.0 -4.0 -26.0
-17.0 -4.0 -25.428572
-4.0 5.0 -19.071428
13.0 -31.0 -8.928572
6.0 -12.0 -6.785714
33.0 -18.0 -2.0
33.0 -30.0 2.5714285
0.0 0.0 0.0
0.0 0.0 0.0
0.0 0.0 0.0
0.0 0.0 0.0
0.0 0.0 0.0
0.0 0.0 0.0
0.0 0.0 0.0
0.0 0.0 0.0
0.0 0.0 0.0
0.0 0.0 0.0
0.0 0.0 0.0
0.0 0.0 0.0
0.0 0.0 0.0
0.0 0.0 0.0
0.0 0.0 0.0
0.0 0.0 0.0
0.0 0.0 0.0
0.0 0.0 0.0
0.0 0.0 0.0
0.0 0.0 0.0
0.0 0.0 0.0
0.0 0.0 0.0
117.0 -30.0 13.357142
117.0 -30.0 24.428572
-28.0 -15.0 25.142857
-5.0 -15.0 26.5
-3.0 -71.0 32.0
-2.0 -72.0 38.357143
-26.0 -84.0 44.857143
-26.0 -84.0 49.92857
5.0 -29.0 53.285713
-4.0 -25.0 55.42857
-10.0 -37.0 54.214287
-10.0 -37.0 54.857143
-11.0 -23.0 52.07143
-7.0 -11.0 47.857143
-7.0 -11.0 37.642857
-7.0 -11.0 27.428572
5.0 -3.0 28.928572
-21.0 8.0 26.142857
-41.0 13.0 17.428572
-48.0 28.0 7.0
-39.0 13.0 -0.85714287
0.0 0.0 0.0
0.0 0.0 0.0
0.0 0.0 0.0
0.0 0.0 0.0
0.0 0.0 0.0
0.0 0.0 0.0
0.0 0.0 0.0
0.0 0.0 0.0
0.0 0.0 0.0
0.0 0.0 0.0
0.0 0.0 0.0
0.0 0.0 0.0
0.0 0.0 0.0
0.0 0.0 0.0
0.0 0.0 0.0
0.0 0.0 0.0
0.0 0.0 0.0
0.0 0.0 0.0
0.0 0.0 0.0
-42.0 29.0 -15.428572
-32.0 -9.0 -19.0
39.0 -33.0 -15.785714
-48.0 -16.0 -18.928572
-74.0 -21.0 -23.0
-24.0 1.0 -25.071428
-21.0 -23.0 -25.214285
-21.0 -23.0 -25.642857
-29.0 -30.0 -23.5
-23.0 -8.0 -20.714285
-20.0 13.0 -17.642857
-11.0 -4.0 -14.428572
-5.0 -5.0 -13.714286
-5.0 -5.0 -13.0
-10.0 5.0 -9.0
-14.0 -10.0 -7.642857
-6.0 -15.0 -12.142858
-10.0 -15.0 -9.5
8.0 -13.0 -4.214286
20.0 -21.0 0.5
0.0 0.0 0.0
0.0 0.0 0.0
0.0 0.0 0.0
0.0 0.0 0.0
0.0 0.0 0.0
0.0 0.0 0.0
0.0 0.0 0.0
0.0 0.0 0.0
0.0 0.0 0.0
0.0 0.0 0.0
0.0 0.0 0.0
0.0 0.0 0.0
0.0 0.0 0.0
0.0 0.0 0.0
0.0 0.0 0.0
0.0 0.0 0.0
0.0 0.0 0.0
0.0 0.0 0.0
0.0 0.0 0.0
0.0 0.0 0.0
-113.0 -53.0 -12.571428
51.0 -49.0 -4.357143
32.0 -18.0 1.5714285
16.0 -84.0 9.214286
16.0 -34.0 12.785714
2.0 -34.0 15.357142
-13.0 -97.0 22.428572
1.0 -27.0 24.714285
-5.0 -39.0 26.5
-4.0 -39.0 28.642857
-3.0 -41.0 29.857143
2.0 -16.0 28.214285
8.0 -18.0 34.214287
6.0 -12.0 39.785713
6.0 -12.0 45.357143
-34.0 -3.0 36.0
-35.0 16.0 28.785715
6.0 13.0 21.142857
6.0 13.0 17.071428
-29.0 -23.0 14.071428
-19.0 73.0 1.5
-19.0 28.0 -3.857143
0.0 0.0 0.0
0.0 0.0 0.0
0.0 0.0 0.0
0.0 0.0 0.0
0.0 0.0 0.0
0.0 0.0 0.0
0.0 0.0 0.0
0.0 0.0 0.0
0.0 0.0 0.0
0.0 0.0 0.0
0.0 0.0 0.0
0.0 0.0 0.0
0.0 0.0 0.0
0.0 0.0 0.0
0.0 0.0 0.0
0.0 0.0 0.0
0.0 0.0 0.0
0.0 0.0 0.0
-14.0 93.0 -13.928572
-14.0 93.0 -24.071428
4.0 17.0 -27.714285
-92.0 -22.0 -34.0
-92.0 -22.0 -40.857143
-53.0 -56.0 -41.92857
-39.0 -30.0 -43.857143
-18.0 -20.0 -41.5
-18.0 -20.0 -37.714287
-1.0 -18.0 -36.0
4.0 1.0 -35.285713
2.0 -1.0 -34.642857
2.0 -1.0 -27.857143
-4.0 0.0 -24.785715
-4.0 2.0 -17.571428
5.0 -22.0 -8.0
5.0 -22.0 -5.142857
10.0 -25.0 2.357143
0.0 0.0 0.0
0.0 0.0 0.0
0.0 0.0 0.0
0.0 0.0 0.0
0.0 0.0 0.0
0.0 0.0 0.0
0.0 0.0 0.0
0.0 0.0 0.0
0.0 0.0 0.0
0.0 0.0 0.0
0.0 0.0 0.0
0.0 0.0 0.0
0.0 0.0 0.0
0.0 0.0 0.0
0.0 0.0 0.0
0.0 0.0 0.0
0.0 0.0 0.0
0.0 0.0 0.0
0.0 0.0 0.0
0.0 0.0 0.0
0.0 0.0 0.0
0.0 0.0 0.0
-37.0 -48.0 10.142858
36.0 -55.0 16.5
-19.0 -78.0 20.571428
-3.0 14.0 18.142857
-3.0 14.0 16.714285
-21.0 -37.0 17.642857
-14.0 -34.0 18.857143
-6.0 -69.0 23.642857
-8.0 -69.0 28.428572
-5.0 -25.0 27.928572
4.0 -44.0 29.428572
0.0 -36.0 29.5
0.0 -29.0 30.785715
1.0 -14.0 31.071428
3.0 -7.0 31.0
3.0 -7.0 25.214285
-4.0 -2.0 20.857143
-15.0 10.0 20.285715
-57.0 21.0 15.928572
17.0 8.0 15.428572
-31.0 8.0 11.214286
-4.0 -14.0 7.428571
-21.0 146.0 -8.857142
0.0 0.0 0.0
0.0 0.0 0.0
0.0 0.0 0.0
0.0 0.0 0.0
0.0 0.0 0.0
0.0 0.0 0.0
0.0 0.0 0.0
0.0 0.0 0.0
0.0 0.0 0.0
0.0 0.0 0.0
0.0 0.0 0.0
0.0 0.0 0.0
0.0 0.0 0.0
0.0 0.0 0.0
0.0 0.0 0.0
0.0 0.0 0.0
0.0 0.0 0.0
16.0 74.0 -16.0
-55.0 -18.0 -19.714285
-44.0 -77.0 -18.071428
-29.0 -22.0 -19.285715
-36.0 -19.0 -20.357143
-37.0 -19.0 -19.857143
-29.0 -17.0 -15.142858
-18.0 -7.0 -16.571428
-10.0 -3.0 -14.285714
-10.0 -3.0 -15.5
-12.0 11.0 -5.214286
-16.0 1.0 -12.642858
-14.0 4.0 -20.142857
-9.0 1.0 -14.928572
-10.0 -37.0 -8.857142
-38.0 -25.0 -7.142857
-8.0 -20.0 -8.642858
-8.0 -20.0 -7.285714
20.0 -39.0 -1.8571428
142.0 -26.0 11.428572
0.0 0.0 0.0
0.0 0.0 0.0
0.0 0.0 0.0
0.0 0.0 0.0
0.0 0.0 0.0
0.0 0.0 0.0
0.0 0.0 0.0
0.0 0.0 0.0
0.0 0.0 0.0
0.0 0.0 0.0
0.0 0.0 0.0
0.0 0.0 0.0
0.0 0.0 0.0
0.0 0.0 0.0
0.0 0.0 0.0
0.0 0.0 0.0
0.0 0.0 0.0
0.0 0.0 0.0
0.0 0.0 0.0
0.0 0.0 0.0
-1.0 11.0 11.428572
-1.0 -31.0 14.357142
-36.0 -79.0 17.928572
-24.0 -79.0 22.357143
8.0 -74.0 29.857143
-11.0 -55.0 34.214287
-17.0 -55.0 38.214287
-15.0 -45.0 41.07143
1.0 -39.0 42.0
-5.0 -35.0 45.07143
-5.0 -35.0 46.357143
-4.0 -32.0 47.5
-8.0 -3.0 42.92857
-8.0 -3.0 30.571428
-8.0 -3.0 31.071428
-8.0 -3.0 28.571428
-22.0 14.0 22.928572
-21.0 11.0 16.714285
-21.0 11.0 8.571428
-27.0 23.0 1.8571428
-28.0 -5.0 -2.5
0.0 0.0 0.0
0.0 0.0 0.0
0.0 0.0 0.0
0.0 0.0 0.0
0.0 0.0 0.0
0.0 0.0 0.0
0.0 0.0 0.0
0.0 0.0 0.0
0.0 0.0 0.0
0.0 0.0 0.0
0.0 0.0 0.0
0.0 0.0 0.0
0.0 0.0 0.0
0.0 0.0 0.0
0.0 0.0 0.0
0.0 0.0 0.0
0.0 0.0 0.0
0.0 0.0 0.0
0.0 0.0 0.0
10.0 107.0 -18.071428
10.0 107.0 -27.142857
16.0 -58.0 -24.0
-25.0 -6.0 -27.357143
6.0 -5.0 -26.214285
-5.0 -20.0 -24.785715
-5.0 -26.0 -22.928572
-26.0 -20.0 -23.0
-25.0 -6.0 -21.785715
-9.0 1.0 -20.214285
-9.0 -3.0 -18.357143
-4.0 1.0 -15.142858
-9.0 4.0 -14.428572
-11.0 5.0 -11.928572
-13.0 -20.0 -4.5
-11.0 -22.0 3.2142856
0.0 0.0 0.0
0.0 0.0 0.0
0.0 0.0 0.0
0.0 0.0 0.0
0.0 0.0 0.0
0.0 0.0 0.0
0.0 0.0 0.0
0.0 0.0 0.0
0.0 0.0 0.0
0.0 0.0 0.0
0.0 0.0 0.0
0.0 0.0 0.0
0.0 0.0 0.0
0.0 0.0 0.0
0.0 0.0 0.0
0.0 0.0 0.0
0.0 0.0 0.0
0.0 0.0 0.0
0.0 0.0 0.0
0.0 0.0 0.0
0.0 0.0 0.0
0.0 0.0 0.0
0.0 0.0 0.0
0.0 0.0 0.0
8.0 -50.0 10.5
19.0 -54.0 14.214286
-14.0 -51.0 17.285715
-97.0 -25.0 13.5
141.0 -47.0 27.642857
109.0 15.0 34.785713
-60.0 -59.0 35.07143
-15.0 -34.0 37.357143
-15.0 -50.0 41.0
28.0 -73.0 47.714287
3.0 -28.0 49.142857
-15.0 -37.0 48.07143
-2.0 -25.0 46.642857
-6.0 -20.0 44.42857
-8.0 -20.0 41.142857
-6.0 -16.0 36.642857
-5.0 -21.0 35.142857
-5.0 -8.0 40.5
-5.0 -8.0 27.285715
-10.0 -11.0 20.642857
-17.0 14.0 18.5
-38.0 26.0 12.571428
-38.0 26.0 5.5
-59.0 51.0 -9.571428
0.0 0.0 0.0
0.0 0.0 0.0
0.0 0.0 0.0
0.0 0.0 0.0
0.0 0.0 0.0
0.0 0.0 0.0
0.0 0.0 0.0
0.0 0.0 0.0
0.0 0.0 0.0
0.0 0.0 0.0
0.0 0.0 0.0
0.0 0.0 0.0
0.0 0.0 0.0
0.0 0.0 0.0
0.0 0.0 0.0
0.0 0.0 0.0
-10.0 -5.0 -12.142858
-39.0 -51.0 -12.857142
20.0 -60.0 -8.785714
20.0 -57.0 -4.285714
7.0 21.0 -6.142857
-113.0 14.0 -15.928572
-31.0 -16.0 -18.142857
-31.0 -22.0 -19.0
-60.0 -17.0 -22.285715
-60.0 -23.0 -25.0
-42.0 -29.0 -23.714285
-7.0 -16.0 -18.5
-7.0 -6.0 -14.0
-7.0 -6.0 -6.214286
4.0 8.0 -6.142857
6.0 8.0 -7.142857
4.0 -1.0 -12.5
5.0 -1.0 -17.571428
-1.0 0.0 -16.642857
-12.0 -29.0 -6.357143
-7.0 -24.0 -4.071429
19.0 -31.0 0.14285715
0.0 0.0 0.0
0.0 0.0 0.0
0.0 0.0 0.0
0.0 0.0 0.0
0.0 0.0 0.0
0.0 0.0 0.0
0.0 0.0 0.0
0.0 0.0 0.0
0.0 0.0 0.0
0.0 0.0 0.0
0.0 0.0 0.0
0.0 0.0 0.0
0.0 0.0 0.0
0.0 0.0 0.0
0.0 0.0 0.0
0.0 0.0 0.0
0.0 0.0 0.0
0.0 0.0 0.0
142.0 -86.0 17.0
15.0 -79.0 23.071428
56.0 15.0 26.071428
-10.0 50.0 21.857143
-11.0 -80.0 27.071428
-8.0 -43.0 29.714285
-24.0 -85.0 33.714287
-8.0 -71.0 37.785713
1.0 -43.0 41.0
-7.0 -40.0 42.142857
-7.0 -40.0 43.285713
-3.0 -23.0 41.142857
27.0 -5.0 47.57143
27.0 -5.0 51.785713
-9.0 -11.0 35.642857
-24.0 0.0 27.214285
-21.0 10.0 22.071428
-27.0 10.0 23.714285
-29.0 -25.0 18.5
-38.0 69.0 8.357142
-5.0 30.0 1.5
2.0 -109.0 4.928571
12.0 -109.0 10.428572
10.0 40.0 5.928571
-85.0 37.0 -5.142857
0.0 0.0 0.0
0.0 0.0 0.0
0.0 0.0 0.0
0.0 0.0 0.0
0.0 0.0 0.0
0.0 0.0 0.0
0.0 0.0 0.0
0.0 0.0 0.0
0.0 0.0 0.0
0.0 0.0 0.0
0.0 0.0 0.0
0.0 0.0 0.0
0.0 0.0 0.0
0.0 0.0 0.0
0.0 0.0 0.0
-17.0 -64.0 11.071428
-7.0 -38.0 11.714286
0.0 -68.0 16.714285
-6.0 -81.0 22.571428
-6.0 -81.0 28.214285
-4.0 -71.0 33.785713
-9.0 -35.0 36.357143
1.0 -27.0 38.714287
1.0 -27.0 40.785713
0.0 -6.0 40.214287
18.0 7.0 36.285713
-1.0 4.0 36.285713
-9.0 -7.0 35.857143
-26.0 -20.0 32.07143
-16.0 -7.0 28.071428
-21.0 -8.0 24.928572
-43.0 63.0 12.5
-43.0 72.0 -1.0714285
0.0 0.0 0.0
0.0 0.0 0.0
0.0 0.0 0.0
0.0 0.0 0.0
0.0 0.0 0.0
0.0 0.0 0.0
0.0 0.0 0.0
0.0 0.0 0.0
0.0 0.0 0.0
0.0 0.0 0.0
0.0 0.0 0.0
0.0 0.0 0.0
0.0 0.0 0.0
0.0 0.0 0.0
0.0 0.0 0.0
0.0 0.0 0.0
0.0 0.0 0.0
0.0 0.0 0.0
0.0 0.0 0.0
0.0 0.0 0.0
0.0 0.0 0.0
0.0 0.0 0.0
56.0 -9.0 14.071428
-15.0 -43.0 16.142857
-5.0 -39.0 18.428572
5.0 -51.0 23.357143
5.0 -71.0 30.0
-11.0 -68.0 36.285713
-2.0 -34.0 40.785713
2.0 -33.0 41.357143
2.0 -33.0 43.642857
2.0 -15.0 44.714287
2.0 -10.0 41.642857
-4.0 -16.0 39.0
-4.0 -16.0 38.285713
-14.0 3.0 32.42857
-29.0 5.0 25.357143
-25.0 -14.0 22.571428
-18.0 -12.0 19.714285
-27.0 34.0 11.357142
-40.0 66.0 -1.6428572
0.0 0.0 0.0
0.0 0.0 0.0
0.0 0.0 0.0
0.0 0.0 0.0
0.0 0.0 0.0
0.0 0.0 0.0
0.0 0.0 0.0
0.0 0.0 0.0
0.0 0.0 0.0
0.0 0.0 0.0
0.0 0.0 0.0
0.0 0.0 0.0
0.0 0.0 0.0
0.0 0.0 0.0
0.0 0.0 0.0
0.0 0.0 0.0
0.0 0.0 0.0
0.0 0.0 0.0
0.0 0.0 0.0
0.0 0.0 0.0
0.0 0.0 0.0
-78.0 58.0 -18.785715
-93.0 -39.0 -23.857143
-44.0 -88.0 -21.571428
-44.0 -49.0 -22.071428
-36.0 -17.0 -24.285715
-9.0 -13.0 -22.785715
-1.0 -4.0 -20.142857
1.0 2.0 -19.428572
-6.0 8.0 -20.0
-6.0 -1.0 -16.0
-6.0 5.0 -9.214286
-6.0 5.0 -17.785715
-14.0 2.0 -17.0
-6.0 -17.0 -14.285714
-11.0 -8.0 -4.785714
-33.0 -35.0 -0.78571427
29.0 -46.0 1.4285715
0.0 0.0 0.0
0.0 0.0 0.0
0.0 0.0 0.0
0.0 0.0 0.0
0.0 0.0 0.0
0.0 0.0 0.0
0.0 0.0 0.0
0.0 0.0 0.0
0.0 0.0 0.0
0.0 0.0 0.0
0.0 0.0 0.0
0.0 0.0 0.0
0.0 0.0 0.0
0.0 0.0 0.0
0.0 0.0 0.0
0.0 0.0 0.0
0.0 0.0 0.0
0.0 0.0 0.0
0.0 0.0 0.0
0.0 0.0 0.0
0.0 0.0 0.0
0.0 0.0 0.0
0.0 0.0 0.0
130.0 -75.0 10.071428
-22.0 24.0 6.571429
-22.0 7.0 4.571429
-6.0 -99.0 12.214286
21.0 -59.0 18.285715
27.0 -78.0 26.571428
-7.0 -73.0 32.07143
-5.0 -38.0 35.57143
5.0 -35.0 37.642857
-2.0 -27.0 39.642857
-2.0 -23.0 41.0
-8.0 -16.0 36.214287
-2.0 -20.0 40.857143
0.0 -13.0 45.142857
-27.0 15.0 27.5
-26.0 15.0 27.857143
-16.0 22.0 27.214285
-15.0 15.0 18.428572
-15.0 20.0 10.214286
-22.0 12.0 0.2857143
-36.0 77.0 -12.5
0.0 0.0 0.0
0.0 0.0 0.0
0.0 0.0 0.0
0.0 0.0 0.0
0.0 0.0 0.0
0.0 0.0 0.0
0.0 0.0 0.0
0.0 0.0 0.0
0.0 0.0 0.0
0.0 0.0 0.0
0.0 0.0 0.0
0.0 0.0 0.0
0.0 0.0 0.0
0.0 0.0 0.0
0.0 0.0 0.0
0.0 0.0 0.0
0.0 0.0 0.0
0.0 0.0 0.0
0.0 0.0 0.0
1.0 105.0 -22.285715
1.0 139.0 -35.0
16.0 139.0 -45.57143
-76.0 -20.0 -51.07143
-74.0 -93.0 -50.285713
-39.0 4.0 -54.642857
-39.0 4.0 -58.642857
-37.0 9.0 -58.92857
-11.0 -12.0 -55.92857
5.0 -8.0 -52.285713
6.0 -3.0 -49.5
6.0 0.0 -46.57143
1.0 4.0 -44.357143
8.0 2.0 -35.857143
-1.0 4.0 -28.785715
-1.0 4.0 -19.285715
-7.0 -22.0 -9.428572
1.0 -13.0 -4.428571
-5.0 -25.0 -4.357143
-7.0 -31.0 0.42857143
0.0 0.0 0.0
0.0 0.0 0.0
0.0 0.0 0.0
0.0 0.0 0.0
0.0 0.0 0.0
0.0 0.0 0.0
0.0 0.0 0.0
0.0 0.0 0.0
0.0 0.0 0.0
0.0 0.0 0.0
0.0 0.0 0.0
0.0 0.0 0.0
0.0 0.0 0.0
0.0 0.0 0.0
0.0 0.0 0.0
0.0 0.0 0.0
0.0 0.0 0.0
0.0 0.0 0.0
0.0 0.0 0.0
0.0 0.0 0.0
8.0 -84.0 10.928572
0.0 -47.0 14.642858
5.0 -41.0 16.857143
2.0 -41.0 18.928572
2.0 -15.0 18.714285
0.0 -18.0 18.285715
-1.0 -21.0 24.071428
-1.0 -21.0 27.428572
-1.0 -15.0 32.142857
-11.0 9.0 34.42857
-26.0 10.0 32.92857
-20.0 30.0 24.5
-23.0 44.0 15.0
-28.0 22.0 6.714286
-31.0 -58.0 2.0714285
-9.0 69.0 -6.857143
0.0 0.0 0.0
0.0 0.0 0.0
0.0 0.0 0.0
0.0 0.0 0.0
0.0 0.0 0.0
0.0 0.0 0.0
0.0 0.0 0.0
0.0 0.0 0.0
0.0 0.0 0.0
0.0 0.0 0.0
0.0 0.0 0.0
0.0 0.0 0.0
0.0 0.0 0.0
0.0 0.0 0.0
0.0 0.0 0.0
0.0 0.0 0.0
0.0 0.0 0.0
0.0 0.0 0.0
0.0 0.0 0.0
0.0 0.0 0.0
0.0 0.0 0.0
0.0 0.0 0.0
0.0 0.0 0.0
0.0 0.0 0.0
-108.0 -2.0 -17.714285
-86.0 -33.0 -24.571428
-34.0 -31.0 -26.0
-34.0 -31.0 -27.5
-22.0 -14.0 -29.5
-23.0 -8.0 -32.0
-26.0 -11.0 -34.07143
-28.0 -17.0 -33.42857
-15.0 2.0 -32.07143
2.0 -2.0 -28.214285
2.0 -2.0 -23.142857
1.0 -5.0 -19.142857
-1.0 2.0 -21.285715
0.0 -2.0 -15.571428
3.0 -5.0 -7.428571
3.0 11.0 -4.214286
0.0 10.0 -4.714286
6.0 -30.0 -1.9285715
6.0 -30.0 1.2142857
0.0 0.0 0.0
0.0 0.0 0.0
0.0 0.0 0.0
0.0 0.0 0.0
0.0 0.0 0.0
0.0 0.0 0.0
0.0 0.0 0.0
0.0 0.0 0.0
0.0 0.0 0.0
0.0 0.0 0.0
0.0 0.0 0.0
0.0 0.0 0.0
0.0 0.0 0.0
0.0 0.0 0.0
0.0 0.0 0.0
0.0 0.0 0.0
0.0 0.0 0.0
0.0 0.0 0.0
0.0 0.0 0.0
0.0 0.0 0.0
0.0 0.0 0.0
26.0 -25.0 10.642858
-11.0 -53.0 14.428572
20.0 -41.0 20.0
1.0 -27.0 21.714285
5.0 22.0 20.214285
6.0 -70.0 25.214285
-12.0 -85.0 30.642857
-12.0 -85.0 35.714287
-20.0 -69.0 38.642857
0.0 -44.0 42.357143
0.0 -38.0 45.785713
-7.0 -40.0 45.57143
-1.0 -25.0 44.714287
-4.0 -29.0 42.857143
-8.0 -5.0 39.0
-6.0 -5.0 35.92857
-3.0 -8.0 31.928572
9.0 -17.0 31.785715
-16.0 -2.0 32.0
-16.0 6.0 25.0
-67.0 20.0 13.571428
-15.0 18.0 6.0
-11.0 10.0 1.0
-25.0 8.0 -4.5
0.0 0.0 0.0
0.0 0.0 0.0
0.0 0.0 0.0
0.0 0.0 0.0
0.0 0.0 0.0
0.0 0.0 0.0
0.0 0.0 0.0
0.0 0.0 0.0
0.0 0.0 0.0
0.0 0.0 0.0
0.0 0.0 0.0
0.0 0.0 0.0
0.0 0.0 0.0
0.0 0.0 0.0
0.0 0.0 0.0
0.0 0.0 0.0
-83.0 -55.0 -11.214286
-83.0 -55.0 -13.571428
-54.0 -27.0 -17.357143
-39.0 -16.0 -18.0
-14.0 -26.0 -15.571428
-4.0 -21.0 -8.142858
13.0 -5.0 -4.5
13.0 3.0 -2.2857144
12.0 5.0 0.5714286
15.0 1.0 2.142857
17.0 1.0 -1.9285715
-1.0 27.0 -11.142858
8.0 -26.0 -5.714286
10.0 -7.0 0.78571427
0.0 0.0 0.0
0.0 0.0 0.0
0.0 0.0 0.0
0.0 0.0 0.0
0.0 0.0 0.0
0.0 0.0 0.0
0.0 0.0 0.0
0.0 0.0 0.0
0.0 0.0 0.0
0.0 0.0 0.0
0.0 0.0 0.0
0.0 0.0 0.0
0.0 0.0 0.0
0.0 0.0 0.0
0.0 0.0 0.0
0.0 0.0 0.0
0.0 0.0 0.0
0.0 0.0 0.0
0.0 0.0 0.0
0.0 0.0 0.0
0.0 0.0 0.0
0.0 0.0 0.0
0.0 0.0 0.0
0.0 0.0 0.0
0.0 0.0 0.0
0.0 0.0 0.0
4.0 -30.0 12.142858
4.0 -30.0 16.5
-113.0 -58.0 14.214286
-113.0 -38.0 8.0
-9.0 -22.0 7.714286
-6.0 16.0 4.857143
-11.0 -104.0 10.785714
1.0 -84.0 16.357143
-5.0 -78.0 20.571428
-10.0 -78.0 24.285715
-5.0 -43.0 29.0
4.0 -37.0 29.5
-2.0 -33.0 30.5
-2.0 -33.0 27.785715
5.0 -28.0 27.714285
3.0 -11.0 26.285715
-4.0 9.0 29.285715
-3.0 9.0 33.785713
-28.0 10.0 30.142857
-21.0 17.0 29.0
-15.0 43.0 18.214285
-16.0 32.0 8.714286
-31.0 38.0 -1.4285715
0.0 0.0 0.0
0.0 0.0 0.0
0.0 0.0 0.0
0.0 0.0 0.0
0.0 0.0 0.0
0.0 0.0 0.0
0.0 0.0 0.0
0.0 0.0 0.0
0.0 0.0 0.0
0.0 0.0 0.0
0.0 0.0 0.0
0.0 0.0 0.0
0.0 0.0 0.0
0.0 0.0 0.0
0.0 0.0 0.0
0.0 0.0 0.0
0.0 0.0 0.0
-12.0 76.0 -10.857142
-28.0 34.0 -18.214285
-88.0 -53.0 -22.928572
-58.0 -58.0 -25.142857
-11.0 -50.0 -24.714285
-14.0 -10.0 -26.0
-15.0 -1.0 -26.071428
-12.0 -3.0 -25.857143
1.0 -8.0 -22.5
1.0 -8.0 -19.142857
11.0 1.0 -14.285714
13.0 -3.0 -9.714286
4.0 5.0 -4.857143
4.0 5.0 -9.357142
-1.0 7.0 -3.642857
0.0 -1.0 0.85714287
0.0 0.0 0.0
0.0 0.0 0.0
0.0 0.0 0.0
0.0 0.0 0.0
0.0 0.0 0.0
0.0 0.0 0.0
0.0 0.0 0.0
0.0 0.0 0.0
0.0 0.0 0.0
0.0 0.0 0.0
0.0 0.0 0.0
0.0 0.0 0.0
0.0 0.0 0.0
0.0 0.0 0.0
0.0 0.0 0.0
0.0 0.0 0.0
0.0 0.0 0.0
0.0 0.0 0.0
0.0 0.0 0.0
0.0 0.0 0.0
0.0 0.0 0.0
0.0 0.0 0.0
0.0 0.0 0.0
0.0 0.0 0.0
22.0 -22.0 12.071428
3.0 -40.0 15.785714
-113.0 -49.0 10.571428
138.0 -38.0 22.5
138.0 -38.0 34.357143
-32.0 52.0 27.214285
4.0 -87.0 33.785713
-16.0 -60.0 37.0
-16.0 -60.0 40.714287
-20.0 -59.0 43.42857
-3.0 -36.0 44.857143
-8.0 -43.0 46.42857
-8.0 -43.0 46.642857
0.0 -32.0 46.0
10.0 -18.0 44.857143
19.0 -1.0 43.214287
19.0 -1.0 49.214287
-4.0 1.0 36.285713
-16.0 13.0 21.642857
-21.0 10.0 25.428572
-20.0 11.0 16.714285
-4.0 12.0 12.428572
-18.0 146.0 -2.4285715
0.0 0.0 0.0
0.0 0.0 0.0
0.0 0.0 0.0
0.0 0.0 0.0
0.0 0.0 0.0
0.0 0.0 0.0
0.0 0.0 0.0
0.0 0.0 0.0
0.0 0.0 0.0
0.0 0.0 0.0
0.0 0.0 0.0
0.0 0.0 0.0
0.0 0.0 0.0
0.0 0.0 0.0
0.0 0.0 0.0
0.0 0.0 0.0
0.0 0.0 0.0
1.0 2.0 -10.5
17.0 65.0 -16.428572
-82.0 -32.0 -22.285715
-82.0 -32.0 -27.857143
-82.0 -62.0 -30.714285
-47.0 -18.0 -34.214287
-29.0 -18.0 -34.642857
-4.0 -3.0 -32.642857
-4.0 -3.0 -30.5
-3.0 6.0 -28.928572
-6.0 9.0 -28.857143
-7.0 9.0 -18.285715
-7.0 6.0 -23.928572
-9.0 6.0 -19.928572
-3.0 9.0 -20.714285
-3.0 -1.0 -17.428572
6.0 -8.0 -12.857142
-9.0 -27.0 -8.0
-35.0 -13.0 -8.142858
5.0 -20.0 -4.285714
-5.0 -39.0 -1.0714285
-20.0 -32.0 -0.14285715
2.0 -37.0 2.7142856
0.0 0.0 0.0
0.0 0.0 0.0
0.0 0.0 0.0
0.0 0.0 0.0
0.0 0.0 0.0
0.0 0.0 0.0
0.0 0.0 0.0
0.0 0.0 0.0
0.0 0.0 0.0
0.0 0.0 0.0
0.0 0.0 0.0
0.0 0.0 0.0
0.0 0.0 0.0
0.0 0.0 0.0
0.0 0.0 0.0
0.0 0.0 0.0
0.0 0.0 0.0
-26.0 -99.0 14.857142
-41.0 -99.0 20.142857
-43.0 -53.0 21.785715
-30.0 -36.0 23.285715
-13.0 -57.0 27.285715
-11.0 -36.0 29.214285
-10.0 -42.0 30.5
-5.0 -38.0 31.571428
-4.0 -31.0 35.07143
0.0 -18.0 34.57143
9.0 -18.0 34.07143
10.0 -5.0 34.285713
-10.0 -2.0 30.928572
-18.0 -2.0 24.571428
-21.0 8.0 17.285715
-25.0 7.0 10.857142
-21.0 49.0 5.142857
-21.0 49.0 -0.2857143
0.0 0.0 0.0
0.0 0.0 0.0
0.0 0.0 0.0
0.0 0.0 0.0
0.0 0.0 0.0
0.0 0.0 0.0
0.0 0.0 0.0
0.0 0.0 0.0
0.0 0.0 0.0
0.0 0.0 0.0
0.0 0.0 0.0
0.0 0.0 0.0
0.0 0.0 0.0
0.0 0.0 0.0
0.0 0.0 0.0
0.0 0.0 0.0
0.0 0.0 0.0
0.0 0.0 0.0
0.0 0.0 0.0
0.0 0.0 0.0
0.0 0.0 0.0
0.0 0.0 0.0
-23.0 -109.0 10.928572
-17.0 48.0 3.9285715
4.0 -41.0 5.214286
-57.0 -76.0 5.285714
-9.0 2.0 2.5714285
-5.0 -11.0 1.9285715
-15.0 -17.0 2.642857
-22.0 -22.0 3.7857144
-15.0 -8.0 5.357143
-13.0 -8.0 7.285714
-7.0 0.0 11.785714
1.0 1.0 16.785715
4.0 3.0 10.714286
3.0 3.0 4.571429
-8.0 -8.0 -1.5714285
0.0 0.0 0.0
0.0 0.0 0.0
0.0 0.0 0.0
0.0 0.0 0.0
0.0 0.0 0.0
0.0 0.0 0.0
0.0 0.0 0.0
0.0 0.0 0.0
0.0 0.0 0.0
0.0 0.0 0.0
0.0 0.0 0.0
0.0 0.0 0.0
0.0 0.0 0.0
0.0 0.0 0.0
0.0 0.0 0.0
0.0 0.0 0.0
0.0 0.0 0.0
0.0 0.0 0.0
0.0 0.0 0.0
0.0 0.0 0.0
0.0 0.0 0.0
0.0 0.0 0.0
0.0 0.0 0.0
0.0 0.0 0.0
0.0 0.0 0.0
33.0 -50.0 11.142858
-15.0 42.0 7.071429
-13.0 -92.0 12.642858
2.0 -63.0 17.285715
2.0 -63.0 21.928572
-24.0 -62.0 24.0
-5.0 -34.0 25.428572
-5.0 -39.0 26.642857
-12.0 -37.0 27.785715
-12.0 -33.0 27.928572
-5.0 -24.0 31.785715
11.0 -15.0 28.785715
-2.0 -7.0 32.57143
-2.0 -7.0 31.214285
-5.0 4.0 24.642857
-26.0 5.0 26.5
-26.0 9.0 18.357143
-12.0 9.0 12.214286
-14.0 -7.0 7.071429
-22.0 74.0 -2.5
0.0 0.0 0.0
0.0 0.0 0.0
0.0 0.0 0.0
0.0 0.0 0.0
0.0 0.0 0.0
0.0 0.0 0.0
0.0 0.0 0.0
0.0 0.0 0.0
0.0 0.0 0.0
0.0 0.0 0.0
0.0 0.0 0.0
0.0 0.0 0.0
0.0 0.0 0.0
0.0 0.0 0.0
0.0 0.0 0.0
0.0 0.0 0.0
0.0 0.0 0.0
0.0 0.0 0.0
0.0 0.0 0.0
0.0 0.0 0.0
-18.0 -9.0 -10.785714
-27.0 -20.0 -10.642858
-28.0 -16.0 -9.285714
-14.0 1.0 -7.857143
-14.0 1.0 -7.428571
-6.0 4.0 -7.642857
-8.0 7.0 -1.8571428
-12.0 3.0 -10.357142
-12.0 5.0 -11.357142
-13.0 12.0 -13.071428
-6.0 8.0 -9.928572
-9.0 -12.0 -9.428572
-9.0 -21.0 -10.785714
-16.0 -40.0 -8.214286
-20.0 -13.0 -8.071428
-29.0 -26.0 -7.785714
3.0 -49.0 -3.2142856
16.0 -12.0 -0.14285715
-23.0 -10.0 0.0
-16.0 28.0 -2.4285715
0.0 0.0 0.0
0.0 0.0 0.0
0.0 0.0 0.0
0.0 0.0 0.0
0.0 0.0 0.0
0.0 0.0 0.0
0.0 0.0 0.0
0.0 0.0 0.0
0.0 0.0 0.0
0.0 0.0 0.0
0.0 0.0 0.0
0.0 0.0 0.0
0.0 0.0 0.0
0.0 0.0 0.0
0.0 0.0 0.0
0.0 0.0 0.0
0.0 0.0 0.0
0.0 0.0 0.0
0.0 0.0 0.0
0.0 0.0 0.0
-21.0 -43.0 11.285714
-22.0 -64.0 15.285714
-22.0 -57.0 17.571428
-6.0 -50.0 19.857143
1.0 -32.0 20.5
3.0 -14.0 22.214285
3.0 -18.0 23.928572
7.0 -9.0 21.357143
-1.0 5.0 18.928572
-5.0 9.0 18.857143
-5.0 9.0 21.0
-10.0 -3.0 16.785715
-6.0 9.0 14.071428
-9.0 -23.0 13.428572
-9.0 -23.0 12.857142
-15.0 38.0 6.071429
-12.0 -63.0 7.214286
-3.0 87.0 -2.357143
0.0 0.0 0.0
0.0 0.0 0.0
0.0 0.0 0.0
0.0 0.0 0.0
0.0 0.0 0.0
0.0 0.0 0.0
0.0 0.0 0.0
0.0 0.0 0.0
0.0 0.0 0.0
0.0 0.0 0.0
0.0 0.0 0.0
0.0 0.0 0.0
0.0 0.0 0.0
0.0 0.0 0.0
0.0 0.0 0.0
0.0 0.0 0.0
0.0 0.0 0.0
0.0 0.0 0.0
0.0 0.0 0.0
0.0 0.0 0.0
0.0 0.0 0.0
0.0 0.0 0.0
-3.0 -1.0 4.714286
-6.0 -2.0 3.2142856
-8.0 0.0 3.642857
-12.0 5.0 1.0
-12.0 5.0 0.42857143
-13.0 1.0 1.5
-9.0 2.0 -0.42857143
-6.0 2.0 -4.714286
-6.0 2.0 -5.285714
19.0 -1.0 -3.857143
-24.0 -8.0 -5.928571
-25.0 -4.0 -7.285714
-113.0 -30.0 -13.571428
4.0 -30.0 -11.071428
27.0 -45.0 -5.785714
-18.0 26.0 -8.642858
-28.0 -32.0 -7.785714
-19.0 -58.0 -3.7857144
-14.0 -53.0 0.21428572
0.0 0.0 0.0
0.0 0.0 0.0
0.0 0.0 0.0
0.0 0.0 0.0
0.0 0.0 0.0
0.0 0.0 0.0
0.0 0.0 0.0
0.0 0.0 0.0
0.0 0.0 0.0
0.0 0.0 0.0
0.0 0.0 0.0
0.0 0.0 0.0
0.0 0.0 0.0
0.0 0.0 0.0
0.0 0.0 0.0
0.0 0.0 0.0
0.0 0.0 0.0
0.0 0.0 0.0
0.0 0.0 0.0
0.0 0.0 0.0
0.0 0.0 0.0
-8.0 -22.0 8.214286
-5.0 -9.0 7.714286
-5.0 -9.0 7.714286
-4.0 -5.0 7.428571
-7.0 3.0 6.357143
-6.0 0.0 5.285714
-3.0 -2.0 5.142857
-3.0 -3.0 4.785714
-6.0 -10.0 4.428571
-6.0 -13.0 4.285714
-5.0 -11.0 4.142857
-5.0 -10.0 3.7142856
-6.0 -14.0 3.642857
-4.0 -23.0 3.9285715
-4.0 -20.0 4.071429
-4.0 -20.0 4.928571
-5.0 -16.0 5.428571
-4.0 -12.0 5.928571
-5.0 11.0 5.5
-7.0 56.0 1.4285715
-9.0 56.0 -3.142857
0.0 0.0 0.0
0.0 0.0 0.0
0.0 0.0 0.0
0.0 0.0 0.0
0.0 0.0 0.0
0.0 0.0 0.0
0.0 0.0 0.0
0.0 0.0 0.0
0.0 0.0 0.0
0.0 0.0 0.0
0.0 0.0 0.0
0.0 0.0 0.0
0.0 0.0 0.0
0.0 0.0 0.0
0.0 0.0 0.0
0.0 0.0 0.0
0.0 0.0 0.0
0.0 0.0 0.0
0.0 0.0 0.0
-7.0 19.0 -11.571428
-13.0 -15.0 -10.285714
-22.0 -17.0 -6.142857
-22.0 -17.0 -1.8571428
-4.0 -33.0 0.5
3.0 5.0 0.64285713
-11.0 -2.0 -1.0714285
-11.0 -2.0 -2.5
-11.0 1.0 -4.142857
-9.0 2.0 -5.928571
0.0 -3.0 -4.714286
2.0 -5.0 -3.5714285
8.0 5.0 -2.7142856
7.0 -1.0 -1.9285715
1.0 0.0 0.0
1.0 0.0 -0.071428575
0.0 0.0 0.0
0.0 0.0 0.0
0.0 0.0 0.0
0.0 0.0 0.0
0.0 0.0 0.0
0.0 0.0 0.0
0.0 0.0 0.0
0.0 0.0 0.0
0.0 0.0 0.0
0.0 0.0 0.0
0.0 0.0 0.0
0.0 0.0 0.0
0.0 0.0 0.0
0.0 0.0 0.0
0.0 0.0 0.0
0.0 0.0 0.0
0.0 0.0 0.0
0.0 0.0 0.0
0.0 0.0 0.0
0.0 0.0 0.0
0.0 0.0 0.0
0.0 0.0 0.0
0.0 0.0 0.0
0.0 0.0 0.0
134.0 -10.0 18.428572
54.0 -2.0 22.285715
-1.0 -7.0 22.571428
-1.0 -7.0 22.214285
-12.0 -4.0 20.714285
-1.0 -12.0 21.0
-13.0 -13.0 20.5
-13.0 -13.0 20.071428
-11.0 -16.0 20.071428
3.0 21.0 18.285715
-5.0 1.0 17.357143
-5.0 1.0 16.714285
-4.0 -20.0 17.714285
-4.0 -10.0 15.142858
-8.0 -13.0 5.214286
-6.0 -17.0 2.0
-8.0 -32.0 3.2857144
-9.0 -35.0 4.714286
-7.0 -38.0 7.5
-5.0 -33.0 8.714286
-10.0 -26.0 9.857142
-13.0 -24.0 10.642858
-12.0 -25.0 11.214286
-12.0 -36.0 14.214286
-12.0 -36.0 16.357143
-16.0 -28.0 17.642857
-14.0 -20.0 16.928572
-13.0 36.0 13.0
-9.0 20.0 10.571428
-4.0 -18.0 10.785714
-2.0 -31.0 11.142858
4.0 -3.0 9.785714
-19.0 -7.0 6.714286
-19.0 6.0 2.9285715
-36.0 8.0 -1.3571428
0.0 0.0 0.0
0.0 0.0 0.0
0.0 0.0 0.0
0.0 0.0 0.0
0.0 0.0 0.0
-15.0 -5.0 -10.357142
9.0 -3.0 -9.928572
0.0 4.0 -6.714286
-11.0 -6.0 -5.0
-11.0 -6.0 -6.357143
-12.0 -6.0 -8.857142
-14.0 -6.0 -9.928572
-16.0 -8.0 -9.642858
-16.0 -8.0 -8.428572
-17.0 -7.0 -6.0
-13.0 -7.0 -6.357143
-10.0 -6.0 -6.571429
-23.0 -10.0 -7.142857
-36.0 -9.0 -7.285714
-36.0 -9.0 -8.5
-22.0 -10.0 -10.214286
-23.0 -11.0 -10.785714
1.0 -12.0 -9.5
1.0 -12.0 -8.214286
-31.0 -18.0 -8.714286
-18.0 -2.0 -9.285714
4.0 -14.0 -7.428571
-1.0 -23.0 -5.285714
-9.0 -14.0 -4.214286
-15.0 -31.0 -2.642857
-15.0 -31.0 -1.2142857
-5.0 -15.0 0.42857143
0.0 0.0 0.0
0.0 0.0 0.0
0.0 0.0 0.0
0.0 0.0 0.0
0.0 0.0 0.0
0.0 0.0 0.0
0.0 0.0 0.0
0.0 0.0 0.0
0.0 0.0 0.0
0.0 0.0 0.0
0.0 0.0 0.0
0.0 0.0 0.0
0.0 0.0 0.0
-4.0 -64.0 13.071428
-10.0 -71.0 16.285715
-12.0 -37.0 17.357143
-15.0 14.0 17.214285
-12.0 50.0 14.714286
-12.0 50.0 9.857142
3.0 -42.0 12.571428
3.0 -36.0 14.642858
-5.0 -16.0 14.714286
-20.0 1.0 12.214286
-20.0 1.0 9.285714
-24.0 9.0 5.285714
-15.0 -2.0 2.2142856
-21.0 -2.0 -1.3571428
0.0 0.0 0.0
0.0 0.0 0.0
0.0 0.0 0.0
0.0 0.0 0.0
0.0 0.0 0.0
0.0 0.0 0.0
0.0 0.0 0.0
0.0 0.0 0.0
0.0 0.0 0.0
0.0 0.0 0.0
0.0 0.0 0.0
0.0 0.0 0.0
0.0 0.0 0.0
0.0 0.0 0.0
0.0 0.0 0.0
0.0 0.0 0.0
0.0 0.0 0.0
0.0 0.0 0.0
0.0 0.0 0.0
0.0 0.0 0.0
0.0 0.0 0.0
0.0 0.0 0.0
0.0 0.0 0.0
0.0 0.0 0.0
0.0 0.0 0.0
0.0 0.0 0.0
6.0 -70.0 11.0
5.0 -118.0 19.857143
6.0 -118.0 28.642857
9.0 -49.0 32.642857
7.0 -49.0 36.57143
6.0 -33.0 39.42857
7.0 -10.0 40.642857
11.0 -7.0 41.92857
12.0 -13.0 43.714287
12.0 -13.0 45.57143
12.0 -19.0 48.0
13.0 -14.0 50.07143
11.0 -16.0 51.57143
12.0 -16.0 48.142857
6.0 2.0 43.0
8.0 -10.0 35.5
0.0 4.0 26.357143
0.0 4.0 21.928572
3.0 0.0 18.142857
-6.0 -37.0 17.571428
-7.0 -7.0 16.357143
-7.0 7.0 14.071428
13.0 -3.0 13.428572
17.0 -30.0 15.0
-11.0 -30.0 14.142858
-86.0 -25.0 7.857143
-99.0 -12.0 -0.2857143
0.0 0.0 0.0
0.0 0.0 0.0
0.0 0.0 0.0
0.0 0.0 0.0
0.0 0.0 0.0
0.0 0.0 0.0
0.0 0.0 0.0
0.0 0.0 0.0
0.0 0.0 0.0
0.0 0.0 0.0
0.0 0.0 0.0
0.0 0.0 0.0
0.0 0.0 0.0
-63.0 -15.0 -11.285714
-63.0 -12.0 -14.642858
-44.0 -15.0 -16.428572
-39.0 -6.0 -19.0
-19.0 -4.0 -22.285715
-19.0 -4.0 -23.357143
15.0 -8.0 -20.714285
15.0 -8.0 -20.214285
15.0 -4.0 -22.214285
5.0 -19.0 -21.857143
-25.0 -8.0 -18.714285
-18.0 -8.0 -13.214286
-27.0 -3.0 -12.928572
-66.0 -19.0 -14.285714
-66.0 -19.0 -14.214286
-66.0 -19.0 -13.928572
16.0 -16.0 -9.571428
-51.0 -41.0 -7.928571
1.0 -73.0 -1.5714285
-1.0 -76.0 4.857143
0.0 0.0 0.0
0.0 0.0 0.0
0.0 0.0 0.0
0.0 0.0 0.0
0.0 0.0 0.0
0.0 0.0 0.0
0.0 0.0 0.0
0.0 0.0 0.0
0.0 0.0 0.0
0.0 0.0 0.0
0.0 0.0 0.0
0.0 0.0 0.0
0.0 0.0 0.0
0.0 0.0 0.0
0.0 0.0 0.0
0.0 0.0 0.0
0.0 0.0 0.0
0.0 0.0 0.0
0.0 0.0 0.0
0.0 0.0 0.0
-10.0 -13.0 10.857142
-6.0 -19.0 15.142858
-5.0 -33.0 20.5
-5.0 -33.0 25.857143
-1.0 -54.0 27.357143
-2.0 -42.0 30.928572
0.0 -35.0 28.142857
0.0 -33.0 25.142857
-4.0 -19.0 27.714285
2.0 -2.0 31.857143
3.0 -1.0 24.5
-10.0 10.0 17.428572
-10.0 10.0 16.0
9.0 32.0 13.785714
2.0 38.0 11.0
-3.0 28.0 7.857143
-4.0 28.0 3.5714285
-21.0 -81.0 5.857143
-24.0 21.0 -1.1428572
0.0 0.0 0.0
0.0 0.0 0.0
0.0 0.0 0.0
0.0 0.0 0.0
0.0 0.0 0.0
0.0 0.0 0.0
0.0 0.0 0.0
0.0 0.0 0.0
0.0 0.0 0.0
0.0 0.0 0.0
0.0 0.0 0.0
0.0 0.0 0.0
0.0 0.0 0.0
0.0 0.0 0.0
0.0 0.0 0.0
0.0 0.0 0.0
0.0 0.0 0.0
0.0 0.0 0.0
0.0 0.0 0.0
0.0 0.0 0.0
0.0 0.0 0.0
-3.0 14.0 -11.785714
8.0 12.0 -16.285715
8.0 -29.0 -17.857143
13.0 -32.0 -6.214286
7.0 -10.0 -0.071428575
7.0 -8.0 1.9285715
12.0 11.0 2.5
32.0 7.0 3.857143
74.0 -13.0 10.0
-97.0 -80.0 9.857142
18.0 -60.0 16.357143
18.0 -60.0 22.857143
-8.0 -13.0 24.285715
-9.0 -88.0 30.642857
-16.0 -118.0 39.142857
-13.0 -68.0 43.357143
-15.0 -77.0 45.142857
-17.0 -72.0 45.857143
-17.0 -61.0 47.785713
-13.0 -39.0 48.57143
-16.0 -9.0 48.0
-16.0 -9.0 45.714287
-6.0 -2.0 39.214287
3.0 6.0 40.214287
1.0 4.0 34.42857
1.0 4.0 28.642857
-15.0 16.0 26.071428
-27.0 17.0 17.285715
-13.0 -7.0 9.571428
-13.0 -7.0 5.214286
-18.0 18.0 -1.7857143
0.0 0.0 0.0
0.0 0.0 0.0
0.0 0.0 0.0
0.0 0.0 0.0
0.0 0.0 0.0
0.0 0.0 0.0
0.0 0.0 0.0
0.0 0.0 0.0
0.0 0.0 0.0
-111.0 -24.0 -15.142858
-110.0 -21.0 -21.285715
-90.0 -19.0 -26.142857
-35.0 -31.0 -26.214285
-5.0 -66.0 -19.642857
-5.0 -51.0 -13.214286
-10.0 -28.0 -11.5
-8.0 5.0 -12.0
-12.0 -7.0 -9.785714
-11.0 -5.0 -15.571428
-10.0 -5.0 -21.285715
-13.0 1.0 -25.5
-12.0 2.0 -23.071428
-30.0 -5.0 -14.857142
-10.0 0.0 -9.357142
25.0 3.0 -1.4285715
9.0 1.0 4.214286
0.0 0.0 0.0
0.0 0.0 0.0
0.0 0.0 0.0
0.0 0.0 0.0
0.0 0.0 0.0
0.0 0.0 0.0
0.0 0.0 0.0
0.0 0.0 0.0
0.0 0.0 0.0
0.0 0.0 0.0
0.0 0.0 0.0
0.0 0.0 0.0
0.0 0.0 0.0
0.0 0.0 0.0
0.0 0.0 0.0
0.0 0.0 0.0
0.0 0.0 0.0
0.0 0.0 0.0
0.0 0.0 0.0
0.0 0.0 0.0
0.0 0.0 0.0
0.0 0.0 0.0
0.0 0.0 0.0
85.0 -26.0 12.428572
85.0 -35.0 16.642857
44.0 -35.0 19.0
-56.0 -50.0 17.285715
-12.0 -9.0 18.0
5.0 30.0 16.571428
1.0 -8.0 17.642857
-8.0 -118.0 25.857143
-14.0 -37.0 28.5
-27.0 -30.0 29.714285
-27.0 -30.0 31.714285
-9.0 -46.0 35.07143
-10.0 -60.0 37.07143
-13.0 -66.0 40.285713
-10.0 -53.0 35.42857
-4.0 -29.0 28.642857
11.0 -6.0 24.214285
0.0 -11.0 25.428572
9.0 -14.0 27.285715
9.0 3.0 29.5
-17.0 11.0 26.857143
-4.0 15.0 17.642857
-3.0 13.0 14.857142
-14.0 15.0 12.571428
-26.0 51.0 6.857143
-26.0 73.0 -2.857143
0.0 0.0 0.0
0.0 0.0 0.0
0.0 0.0 0.0
0.0 0.0 0.0
0.0 0.0 0.0
0.0 0.0 0.0
0.0 0.0 0.0
0.0 0.0 0.0
0.0 0.0 0.0
0.0 0.0 0.0
0.0 0.0 0.0
0.0 0.0 0.0
0.0 0.0 0.0
0.0 0.0 0.0
-7.0 13.0 -13.071428
22.0 38.0 -17.285715
20.0 28.0 -19.642857
-111.0 -25.0 -27.0
-103.0 -18.0 -33.857143
-103.0 -18.0 -41.57143
-66.0 -10.0 -46.0
-35.0 -20.0 -45.07143
-31.0 -11.0 -45.142857
-30.0 -11.0 -45.357143
-28.0 6.0 -45.714287
-13.0 14.0 -42.142857
1.0 6.0 -35.42857
1.0 6.0 -34.357143
1.0 6.0 -33.285713
12.0 -11.0 -30.5
3.0 -8.0 -29.142857
18.0 6.0 -22.142857
18.0 6.0 -15.214286
50.0 -13.0 -4.642857
64.0 -31.0 6.142857
0.0 0.0 0.0
0.0 0.0 0.0
0.0 0.0 0.0
0.0 0.0 0.0
0.0 0.0 0.0
0.0 0.0 0.0
0.0 0.0 0.0
0.0 0.0 0.0
0.0 0.0 0.0
0.0 0.0 0.0
0.0 0.0 0.0
0.0 0.0 0.0
0.0 0.0 0.0
0.0 0.0 0.0
0.0 0.0 0.0
0.0 0.0 0.0
0.0 0.0 0.0
0.0 0.0 0.0
0.0 0.0 0.0
-32.0 -61.0 12.785714
-7.0 -44.0 16.785715
-6.0 0.0 18.785715
-24.0 -73.0 24.214285
-16.0 -112.0 31.428572
-16.0 -112.0 38.642857
-9.0 -57.0 42.42857
-1.0 -55.0 44.642857
-1.0 -53.0 47.57143
-3.0 -47.0 49.857143
1.0 -55.0 53.0
-14.0 -23.0 49.142857
-14.0 -23.0 43.0
-13.0 3.0 39.785713
11.0 4.0 38.214287
-1.0 16.0 34.357143
-2.0 24.0 32.92857
-2.0 26.0 27.428572
-18.0 24.0 17.571428
-25.0 20.0 7.5
-55.0 32.0 -2.142857
0.0 0.0 0.0
0.0 0.0 0.0
0.0 0.0 0.0
0.0 0.0 0.0
0.0 0.0 0.0
0.0 0.0 0.0
0.0 0.0 0.0
0.0 0.0 0.0
0.0 0.0 0.0
0.0 0.0 0.0
0.0 0.0 0.0
0.0 0.0 0.0
0.0 0.0 0.0
0.0 0.0 0.0
0.0 0.0 0.0
0.0 0.0 0.0
0.0 0.0 0.0
0.0 0.0 0.0
0.0 0.0 0.0
-27.0 43.0 -11.0
12.0 -118.0 -5.428571
-1.0 -65.0 -4.0
-111.0 70.0 -20.928572
-111.0 70.0 -34.5
-111.0 -13.0 -42.142857
-111.0 -46.0 -45.642857
-3.0 -21.0 -44.857143
3.0 -16.0 -42.285713
7.0 -37.0 -37.285713
-10.0 -9.0 -35.357143
-1.0 -6.0 -32.0
5.0 -7.0 -27.928572
2.0 -7.0 -21.071428
1.0 7.0 -16.5
-12.0 15.0 -27.714285
-12.0 15.0 -34.214287
-15.0 20.0 -23.785715
-9.0 12.0 -12.357142
-3.0 0.0 -5.571429
8.0 -8.0 0.21428572
0.0 0.0 0.0
0.0 0.0 0.0
0.0 0.0 0.0
0.0 0.0 0.0
0.0 0.0 0.0
0.0 0.0 0.0
0.0 0.0 0.0
0.0 0.0 0.0
0.0 0.0 0.0
0.0 0.0 0.0
0.0 0.0 0.0
0.0 0.0 0.0
0.0 0.0 0.0
0.0 0.0 0.0
0.0 0.0 0.0
0.0 0.0 0.0
0.0 0.0 0.0
0.0 0.0 0.0
0.0 0.0 0.0
90.0 -12.0 11.928572
-111.0 3.0 0.64285713
-111.0 7.0 -7.714286
-6.0 0.0 -8.5
-6.0 -17.0 -8.571428
2.0 -51.0 -5.428571
-13.0 -118.0 2.5
-12.0 -72.0 8.714286
-24.0 -78.0 14.5
-24.0 -97.0 22.214285
-15.0 -118.0 31.071428
-4.0 -71.0 36.07143
-4.0 -30.0 36.785713
-4.0 -30.0 31.571428
-3.0 -10.0 24.785715
-2.0 -9.0 33.42857
4.0 -9.0 42.785713
-5.0 -3.0 43.07143
-10.0 -3.0 41.785713
-3.0 4.0 37.5
-11.0 12.0 28.357143
-11.0 12.0 22.428572
-21.0 23.0 15.428572
-21.0 47.0 5.357143
-30.0 70.0 -9.142858
0.0 0.0 0.0
0.0 0.0 0.0
0.0 0.0 0.0
0.0 0.0 0.0
0.0 0.0 0.0
0.0 0.0 0.0
0.0 0.0 0.0
0.0 0.0 0.0
0.0 0.0 0.0
0.0 0.0 0.0
0.0 0.0 0.0
0.0 0.0 0.0
0.0 0.0 0.0
0.0 0.0 0.0
0.0 0.0 0.0
-3.0 70.0 -12.928572
-3.0 70.0 -20.0
-111.0 69.0 -33.357143
-111.0 40.0 -44.642857
-111.0 -44.0 -50.357143
-54.0 -23.0 -52.42857
-30.0 -28.0 -52.07143
-30.0 -28.0 -51.714287
-32.0 -21.0 -50.857143
-29.0 -12.0 -50.42857
-18.0 -6.0 -48.142857
7.0 -2.0 -42.642857
7.0 -2.0 -34.857143
13.0 5.0 -42.357143
-4.0 8.0 -38.0
-1.0 8.0 -33.42857
-8.0 3.0 -21.357143
20.0 -5.0 -8.785714
36.0 -9.0 -0.78571427
56.0 -7.0 5.928571
0.0 0.0 0.0
0.0 0.0 0.0
0.0 0.0 0.0
0.0 0.0 0.0
0.0 0.0 0.0
0.0 0.0 0.0
0.0 0.0 0.0
0.0 0.0 0.0
0.0 0.0 0.0
0.0 0.0 0.0
0.0 0.0 0.0
0.0 0.0 0.0
0.0 0.0 0.0
0.0 0.0 0.0
0.0 0.0 0.0
0.0 0.0 0.0
0.0 0.0 0.0
0.0 0.0 0.0
0.0 0.0 0.0
0.0 0.0 0.0
102.0 1.0 13.285714
-95.0 5.0 6.285714
-95.0 5.0 -0.071428575
-51.0 -2.0 -2.357143
19.0 1.0 -0.21428572
-4.0 -71.0 3.9285715
-4.0 -71.0 8.071428
-5.0 -111.0 15.071428
-15.0 -76.0 20.285715
-6.0 -75.0 25.857143
-6.0 -75.0 31.571428
-8.0 -50.0 32.785713
-3.0 -67.0 34.142857
-6.0 -38.0 31.928572
-6.0 -38.0 27.0
0.0 -8.0 34.714287
2.0 9.0 41.357143
12.0 18.0 44.42857
12.0 12.0 43.142857
10.0 10.0 38.357143
-9.0 20.0 31.5
-11.0 -3.0 23.357143
-23.0 4.0 17.071428
4.0 32.0 10.142858
-3.0 52.0 1.2857143
42.0 -116.0 9.571428
-10.0 -39.0 7.071429
-27.0 -39.0 5.642857
-111.0 14.0 -5.571429
0.0 0.0 0.0
0.0 0.0 0.0
0.0 0.0 0.0
0.0 0.0 0.0
0.0 0.0 0.0
0.0 0.0 0.0
0.0 0.0 0.0
0.0 0.0 0.0
0.0 0.0 0.0
0.0 0.0 0.0
0.0 0.0 0.0
-84.0 -24.0 -10.428572
-84.0 -24.0 -14.214286
-84.0 -24.0 -18.071428
-84.0 -24.0 -22.357143
-40.0 -34.0 -22.785715
-7.0 -7.0 -20.714285
-18.0 -2.0 -21.285715
-26.0 3.0 -21.428572
-18.0 20.0 -22.142857
-4.0 5.0 -18.857143
-1.0 4.0 -30.5
-1.0 -6.0 -32.214287
17.0 -23.0 -30.214285
-4.0 -5.0 -21.214285
-6.0 -5.0 -17.0
0.0 -9.0 -12.071428
11.0 -4.0 -6.714286
65.0 -19.0 3.5714285
0.0 0.0 0.0
0.0 0.0 0.0
0.0 0.0 0.0
0.0 0.0 0.0
0.0 0.0 0.0
0.0 0.0 0.0
0.0 0.0 0.0
0.0 0.0 0.0
0.0 0.0 0.0
0.0 0.0 0.0
0.0 0.0 0.0
0.0 0.0 0.0
0.0 0.0 0.0
0.0 0.0 0.0
0.0 0.0 0.0
0.0 0.0 0.0
0.0 0.0 0.0
0.0 0.0 0.0
0.0 0.0 0.0
0.0 0.0 0.0
0.0 0.0 0.0
0.0 0.0 0.0
-6.0 -79.0 12.857142
-2.0 -118.0 21.785715
-20.0 -51.0 24.357143
-11.0 -62.0 27.642857
-3.0 -71.0 29.642857
-7.0 -58.0 33.214287
0.0 -49.0 36.785713
0.0 -47.0 39.5
5.0 -32.0 41.07143
4.0 -14.0 36.357143
6.0 -6.0 37.785713
6.0 -6.0 40.285713
10.0 -10.0 40.642857
3.0 0.0 42.0
-12.0 14.0 34.92857
-10.0 14.0 24.928572
-3.0 20.0 21.071428
-18.0 43.0 13.071428
-23.0 48.0 3.142857
-23.0 48.0 -5.571429
0.0 0.0 0.0
0.0 0.0 0.0
0.0 0.0 0.0
0.0 0.0 0.0
0.0 0.0 0.0
0.0 0.0 0.0
0.0 0.0 0.0
0.0 0.0 0.0
0.0 0.0 0.0
0.0 0.0 0.0
0.0 0.0 0.0
0.0 0.0 0.0
0.0 0.0 0.0
0.0 0.0 0.0
0.0 0.0 0.0
0.0 0.0 0.0
0.0 0.0 0.0
0.0 0.0 0.0
0.0 0.0 0.0
0.0 0.0 0.0
2.0 -80.0 12.428572
3.0 -66.0 17.214285
4.0 -64.0 22.071428
4.0 -64.0 26.857143
4.0 -56.0 31.071428
5.0 -39.0 34.5
5.0 -39.0 37.357143
5.0 -20.0 38.92857
5.0 -18.0 40.357143
5.0 -19.0 41.714287
6.0 -20.0 43.285713
9.0 -17.0 43.92857
10.0 -4.0 43.714287
10.0 -1.0 41.714287
-4.0 -4.0 35.857143
7.0 -7.0 31.928572
9.0 -6.0 28.142857
9.0 -7.0 24.428572
8.0 -9.0 21.357143
-7.0 -12.0 18.571428
-19.0 -25.0 15.857142
-12.0 -50.0 16.785715
1.0 -119.0 23.714285
19.0 28.0 21.357143
30.0 -5.0 22.0
-53.0 -2.0 16.5
-53.0 -2.0 11.857142
-12.0 -35.0 12.714286
-12.0 -28.0 13.857142
-12.0 -28.0 14.0
-15.0 -32.0 14.142858
-14.0 -13.0 12.928572
-21.0 -16.0 11.357142
-25.0 -15.0 10.285714
-33.0 -10.0 8.214286
-33.0 -10.0 3.857143
-14.0 -6.0 -5.285714
0.0 0.0 0.0
0.0 0.0 0.0
0.0 0.0 0.0
-7.0 -45.0 10.357142
-5.0 -45.0 14.785714
-4.0 -39.0 17.357143
-4.0 -22.0 21.571428
-1.0 -7.0 27.571428
2.0 -6.0 24.571428
4.0 -9.0 22.428572
0.0 -3.0 24.428572
-25.0 7.0 23.928572
-25.0 7.0 13.785714
-25.0 14.0 9.285714
8.0 8.0 7.071429
11.0 25.0 5.071429
11.0 25.0 2.142857
-9.0 55.0 -5.142857
0.0 0.0 0.0
0.0 0.0 0.0
0.0 0.0 0.0
0.0 0.0 0.0
0.0 0.0 0.0
0.0 0.0 0.0
0.0 0.0 0.0
0.0 0.0 0.0
0.0 0.0 0.0
0.0 0.0 0.0
0.0 0.0 0.0
0.0 0.0 0.0
0.0 0.0 0.0
0.0 0.0 0.0
0.0 0.0 0.0
0.0 0.0 0.0
0.0 0.0 0.0
0.0 0.0 0.0
0.0 0.0 0.0
0.0 0.0 0.0
0.0 0.0 0.0
0.0 0.0 0.0
0.0 0.0 0.0
0.0 0.0 0.0
0.0 0.0 0.0
-89.0 -8.0 -14.785714
-17.0 -35.0 -11.214286
-21.0 -26.0 -8.571428
-21.0 -26.0 -5.428571
-16.0 -8.0 -6.0
-19.0 -6.0 -5.928571
-24.0 -10.0 -5.928571
-24.0 -10.0 -2.357143
-29.0 -14.0 -8.928572
-14.0 0.0 -15.428572
15.0 -4.0 -11.357142
15.0 -4.0 -9.857142
17.0 -5.0 -8.142858
16.0 7.0 -4.428571
16.0 -1.0 2.5714285
0.0 0.0 0.0
0.0 0.0 0.0
0.0 0.0 0.0
0.0 0.0 0.0
0.0 0.0 0.0
0.0 0.0 0.0
0.0 0.0 0.0
0.0 0.0 0.0
0.0 0.0 0.0
0.0 0.0 0.0
0.0 0.0 0.0
0.0 0.0 0.0
0.0 0.0 0.0
0.0 0.0 0.0
0.0 0.0 0.0
0.0 0.0 0.0
0.0 0.0 0.0
0.0 0.0 0.0
0.0 0.0 0.0
0.0 0.0 0.0
0.0 0.0 0.0
0.0 0.0 0.0
0.0 0.0 0.0
0.0 0.0 0.0
0.0 0.0 0.0
45.0 -7.0 10.785714
-113.0 -28.0 5.714286
-113.0 -28.0 0.64285713
13.0 -42.0 5.642857
-1.0 -38.0 9.285714
-9.0 3.0 7.071429
-2.0 -100.0 12.714286
-2.0 -100.0 18.142857
-22.0 -110.0 23.785715
-21.0 -100.0 28.214285
-8.0 -68.0 30.285715
-8.0 -68.0 33.714287
-11.0 -30.0 34.42857
-7.0 -11.0 33.42857
-6.0 -10.0 30.0
-2.0 -11.0 36.714287
0.0 5.0 42.42857
-2.0 9.0 37.714287
0.0 16.0 33.92857
-3.0 12.0 33.714287
-10.0 -8.0 26.571428
-12.0 11.0 17.928572
-11.0 39.0 8.071428
-25.0 -23.0 2.2857144
-26.0 84.0 -9.857142
0.0 0.0 0.0
0.0 0.0 0.0
0.0 0.0 0.0
0.0 0.0 0.0
0.0 0.0 0.0
0.0 0.0 0.0
0.0 0.0 0.0
0.0 0.0 0.0
0.0 0.0 0.0
0.0 0.0 0.0
0.0 0.0 0.0
0.0 0.0 0.0
0.0 0.0 0.0
0.0 0.0 0.0
0.0 0.0 0.0
9.0 -33.0 -11.142858
9.0 -33.0 -9.5
21.0 21.0 -9.785714
-14.0 16.0 -12.214286
-101.0 10.0 -20.785715
-65.0 -44.0 -21.928572
-35.0 -28.0 -21.642857
-26.0 -36.0 -19.785715
-22.0 -29.0 -18.214285
-15.0 -5.0 -18.785715
-13.0 -3.0 -17.857143
-7.0 -15.0 -13.714286
-1.0 -2.0 -13.5
5.0 6.0 -5.714286
12.0 3.0 -8.071428
12.0 1.0 -10.285714
9.0 4.0 -9.928572
17.0 -1.0 -6.5
22.0 -2.0 3.142857
0.0 0.0 0.0
0.0 0.0 0.0
0.0 0.0 0.0
0.0 0.0 0.0
0.0 0.0 0.0
0.0 0.0 0.0
0.0 0.0 0.0
0.0 0.0 0.0
0.0 0.0 0.0
0.0 0.0 0.0
0.0 0.0 0.0
0.0 0.0 0.0
0.0 0.0 0.0
0.0 0.0 0.0
0.0 0.0 0.0
0.0 0.0 0.0
0.0 0.0 0.0
0.0 0.0 0.0
0.0 0.0 0.0
0.0 0.0 0.0
0.0 0.0 0.0
-13.0 -119.0 14.142858
-22.0 -37.0 14.571428
-22.0 -33.0 14.571428
-12.0 -80.0 19.071428
-10.0 -38.0 19.785715
-10.0 -44.0 20.5
-10.0 -38.0 22.214285
-11.0 -26.0 23.0
-9.0 -5.0 22.428572
-1.0 -3.0 30.285715
-1.0 -3.0 28.571428
7.0 0.0 24.142857
6.0 0.0 22.642857
4.0 25.0 21.214285
-15.0 18.0 11.285714
-15.0 18.0 7.857143
-1.0 23.0 5.357143
9.0 15.0 0.071428575
-15.0 -119.0 5.5
-13.0 -119.0 10.642858
-9.0 -84.0 14.0
-12.0 42.0 9.071428
-9.0 -31.0 10.928572
-9.0 -31.0 12.357142
20.0 20.0 12.214286
-113.0 -27.0 5.571429
-72.0 -32.0 2.2857144
-72.0 -32.0 0.9285714
-57.0 -28.0 1.2142857
-28.0 -33.0 3.9285715
-25.0 -12.0 4.714286
-26.0 -10.0 4.0
-26.0 -10.0 -4.571429
0.0 0.0 0.0
0.0 0.0 0.0
0.0 0.0 0.0
0.0 0.0 0.0
0.0 0.0 0.0
0.0 0.0 0.0
0.0 0.0 0.0
-13.0 -3.0 -12.857142
-8.0 -3.0 -18.571428
6.0 10.0 -15.0
6.0 10.0 -16.857143
18.0 6.0 -17.571428
19.0 -3.0 -16.0
19.0 -3.0 -8.285714
25.0 -6.0 -3.2142856
-4.0 -5.0 -0.2857143
27.0 -4.0 4.0
-17.0 -18.0 3.7142856
-17.0 -18.0 4.714286
7.0 -11.0 7.142857
4.0 -27.0 10.5
8.0 26.0 9.928572
8.0 26.0 9.0
-25.0 -105.0 15.0
-11.0 -20.0 15.928572
-7.0 -31.0 16.785715
-6.0 -63.0 19.285715
-11.0 -31.0 19.142857
-12.0 -44.0 19.214285
-8.0 -37.0 21.214285
-8.0 -37.0 21.071428
-4.0 -16.0 21.857143
2.0 0.0 21.928572
-1.0 -7.0 21.071428
-1.0 -7.0 19.285715
-5.0 -2.0 20.357143
-1.0 11.0 20.785715
-2.0 -9.0 15.571428
-6.0 -9.0 15.142858
-9.0 1.0 12.714286
-9.0 20.0 6.571429
-11.0 47.0 1.0
-11.0 47.0 -5.428571
0.0 0.0 0.0
0.0 0.0 0.0
0.0 0.0 0.0
0.0 0.0 0.0
-4.0 72.0 -12.714286
11.0 32.0 -14.357142
-85.0 -13.0 -19.928572
-41.0 -19.0 -21.928572
-41.0 -19.0 -23.285715
-50.0 12.0 -26.857143
-33.0 -26.0 -27.857143
-24.0 -8.0 -29.214285
-24.0 -10.0 -29.5
-18.0 -11.0 -27.928572
-10.0 2.0 -24.642857
-4.0 7.0 -21.285715
1.0 5.0 -23.142857
10.0 10.0 -24.714285
12.0 -1.0 -18.357143
10.0 4.0 -16.428572
10.0 1.0 -10.642858
4.0 -5.0 -8.428572
16.0 -6.0 -5.285714
43.0 -6.0 2.642857
0.0 0.0 0.0
0.0 0.0 0.0
0.0 0.0 0.0
0.0 0.0 0.0
0.0 0.0 0.0
0.0 0.0 0.0
0.0 0.0 0.0
0.0 0.0 0.0
0.0 0.0 0.0
0.0 0.0 0.0
0.0 0.0 0.0
0.0 0.0 0.0
0.0 0.0 0.0
0.0 0.0 0.0
0.0 0.0 0.0
0.0 0.0 0.0
0.0 0.0 0.0
0.0 0.0 0.0
0.0 0.0 0.0
0.0 0.0 0.0
39.0 -25.0 15.571428
39.0 -25.0 20.642857
-13.0 -24.0 22.285715
6.0 4.0 23.214285
5.0 -119.0 32.357143
-25.0 -18.0 31.857143
-21.0 -18.0 30.714285
-5.0 -32.0 32.214287
-5.0 -36.0 33.785713
-11.0 -39.0 35.142857
-9.0 -34.0 35.357143
-8.0 -20.0 32.714287
-8.0 -20.0 36.785713
4.0 -8.0 28.714285
1.0 -3.0 24.428572
-1.0 3.0 19.571428
-2.0 3.0 18.428572
3.0 7.0 18.0
-8.0 -4.0 8.857142
-9.0 5.0 8.357142
-9.0 5.0 7.571429
-14.0 6.0 4.214286
-11.0 11.0 0.42857143
-9.0 55.0 -6.142857
0.0 0.0 0.0
0.0 0.0 0.0
0.0 0.0 0.0
0.0 0.0 0.0
0.0 0.0 0.0
0.0 0.0 0.0
0.0 0.0 0.0
0.0 0.0 0.0
0.0 0.0 0.0
0.0 0.0 0.0
0.0 0.0 0.0
0.0 0.0 0.0
0.0 0.0 0.0
0.0 0.0 0.0
0.0 0.0 0.0
0.0 0.0 0.0
-17.0 -119.0 10.071428
-5.0 75.0 3.5
11.0 23.0 2.357143
-103.0 -4.0 -4.428571
-68.0 -4.0 -8.642858
-60.0 -4.0 -12.357142
-34.0 -17.0 -13.285714
-22.0 -27.0 -11.928572
-21.0 -12.0 -11.571428
-19.0 -8.0 -10.928572
-17.0 -4.0 -10.285714
-15.0 -1.0 -6.714286
2.0 0.0 -11.571428
2.0 0.0 -18.857143
4.0 -3.0 -25.642857
10.0 1.0 -19.285715
18.0 -6.0 -16.714285
18.0 -3.0 -8.142858
13.0 -7.0 -2.142857
9.0 -9.0 3.142857
0.0 0.0 0.0
0.0 0.0 0.0
0.0 0.0 0.0
0.0 0.0 0.0
0.0 0.0 0.0
0.0 0.0 0.0
0.0 0.0 0.0
0.0 0.0 0.0
0.0 0.0 0.0
0.0 0.0 0.0
0.0 0.0 0.0
0.0 0.0 0.0
0.0 0.0 0.0
0.0 0.0 0.0
0.0 0.0 0.0
0.0 0.0 0.0
0.0 0.0 0.0
0.0 0.0 0.0
0.0 0.0 0.0
0.0 0.0 0.0
43.0 -6.0 11.071428
-49.0 -26.0 10.071428
-49.0 -29.0 9.428572
54.0 -55.0 18.142857
-2.0 -52.0 22.714285
2.0 11.0 21.928572
2.0 11.0 21.142857
-4.0 -93.0 27.0
-17.0 -33.0 27.5
-17.0 -47.0 27.928572
-1.0 -70.0 31.357143
-1.0 -49.0 33.357143
-3.0 -39.0 34.642857
-4.0 -24.0 32.5
0.0 -21.0 30.5
0.0 -14.0 33.142857
2.0 -2.0 34.857143
2.0 -2.0 27.357143
1.0 9.0 23.214285
-3.0 7.0 23.142857
-5.0 15.0 22.357143
-5.0 15.0 14.571428
-9.0 23.0 11.142858
-11.0 29.0 6.142857
-11.0 29.0 -1.6428572
0.0 0.0 0.0
0.0 0.0 0.0
0.0 0.0 0.0
0.0 0.0 0.0
0.0 0.0 0.0
0.0 0.0 0.0
0.0 0.0 0.0
0.0 0.0 0.0
0.0 0.0 0.0
0.0 0.0 0.0
0.0 0.0 0.0
0.0 0.0 0.0
0.0 0.0 0.0
0.0 0.0 0.0
0.0 0.0 0.0
-73.0 -29.0 -11.928572
-61.0 -14.0 -14.714286
-26.0 -20.0 -14.428572
-26.0 -20.0 -13.428572
-24.0 -28.0 -11.714286
-23.0 -25.0 -9.285714
-22.0 -25.0 -6.214286
-6.0 -14.0 -2.7857144
-6.0 -14.0 -9.357142
-6.0 -14.0 -15.928572
13.0 1.0 -10.357142
13.0 3.0 -10.571428
10.0 10.0 -11.5
-58.0 -10.0 -6.857143
31.0 -14.0 -0.5
24.0 -9.0 5.214286
0.0 0.0 0.0
0.0 0.0 0.0
0.0 0.0 0.0
0.0 0.0 0.0
0.0 0.0 0.0
0.0 0.0 0.0
0.0 0.0 0.0
0.0 0.0 0.0
0.0 0.0 0.0
0.0 0.0 0.0
0.0 0.0 0.0
0.0 0.0 0.0
0.0 0.0 0.0
0.0 0.0 0.0
0.0 0.0 0.0
0.0 0.0 0.0
0.0 0.0 0.0
0.0 0.0 0.0
0.0 0.0 0.0
0.0 0.0 0.0
0.0 0.0 0.0
0.0 0.0 0.0
0.0 0.0 0.0
0.0 0.0 0.0
11.0 -2.0 10.142858
-11.0 -29.0 10.857142
-16.0 -61.0 13.5
-4.0 -119.0 21.142857
-3.0 -78.0 25.642857
-12.0 -92.0 30.642857
-12.0 -92.0 36.357143
-7.0 -75.0 44.642857
-9.0 -51.0 44.42857
-7.0 -35.0 44.07143
-3.0 -13.0 40.785713
-3.0 -13.0 42.07143
2.0 -11.0 43.57143
0.0 1.0 42.57143
0.0 5.0 41.285713
0.0 5.0 39.642857
-6.0 17.0 34.785713
-2.0 24.0 24.714285
-8.0 26.0 16.928572
-8.0 26.0 8.785714
-8.0 46.0 -0.78571427
0.0 0.0 0.0
0.0 0.0 0.0
0.0 0.0 0.0
0.0 0.0 0.0
0.0 0.0 0.0
0.0 0.0 0.0
0.0 0.0 0.0
0.0 0.0 0.0
0.0 0.0 0.0
0.0 0.0 0.0
0.0 0.0 0.0
0.0 0.0 0.0
0.0 0.0 0.0
0.0 0.0 0.0
0.0 0.0 0.0
0.0 0.0 0.0
0.0 0.0 0.0
0.0 0.0 0.0
0.0 0.0 0.0
-17.0 83.0 -18.5
-17.0 83.0 -27.642857
4.0 -1.0 -28.0
-102.0 34.0 -38.42857
-108.0 2.0 -47.214287
-108.0 2.0 -55.0
-62.0 -32.0 -56.785713
-24.0 -47.0 -54.785713
-21.0 -37.0 -52.0
-16.0 -20.0 -49.857143
-15.0 -7.0 -48.0
-11.0 -7.0 -45.857143
-1.0 -6.0 -41.642857
7.0 -9.0 -37.785713
16.0 1.0 -29.571428
16.0 1.0 -21.357143
7.0 -7.0 -20.714285
4.0 -10.0 -10.0
-1.0 -13.0 -1.2857143
6.0 12.0 6.142857
0.0 0.0 0.0
0.0 0.0 0.0
0.0 0.0 0.0
0.0 0.0 0.0
0.0 0.0 0.0
0.0 0.0 0.0
0.0 0.0 0.0
0.0 0.0 0.0
0.0 0.0 0.0
0.0 0.0 0.0
0.0 0.0 0.0
0.0 0.0 0.0
0.0 0.0 0.0
0.0 0.0 0.0
0.0 0.0 0.0
0.0 0.0 0.0
0.0 0.0 0.0
0.0 0.0 0.0
0.0 0.0 0.0
0.0 0.0 0.0
23.0 -5.0 10.214286
26.0 -8.0 11.5
3.0 -5.0 11.785714
3.0 -5.0 12.928572
-33.0 -23.0 12.5
0.0 -4.0 12.428572
-9.0 -6.0 11.071428
-20.0 3.0 8.357142
-8.0 -29.0 8.785714
-3.0 -119.0 16.071428
-21.0 -20.0 15.0
-20.0 -1.0 12.785714
-11.0 -50.0 16.0
-13.0 -82.0 19.357143
-14.0 -50.0 19.928572
-10.0 -23.0 18.428572
-10.0 -23.0 18.785715
-8.0 -11.0 18.428572
7.0 -6.0 20.071428
7.0 -2.0 20.428572
1.0 6.0 20.285715
-6.0 10.0 20.785715
-6.0 12.0 18.0
-8.0 16.0 8.0
-10.0 11.0 6.571429
-11.0 38.0 4.428571
-17.0 6.0 0.0
-34.0 -44.0 -4.214286
0.0 0.0 0.0
0.0 0.0 0.0
0.0 0.0 0.0
0.0 0.0 0.0
0.0 0.0 0.0
0.0 0.0 0.0
0.0 0.0 0.0
0.0 0.0 0.0
0.0 0.0 0.0
0.0 0.0 0.0
0.0 0.0 0.0
0.0 0.0 0.0
5.0 86.0 -15.857142
-87.0 18.0 -23.571428
-103.0 17.0 -33.07143
-91.0 0.0 -40.214287
-56.0 -23.0 -42.214287
-34.0 -21.0 -42.0
-25.0 -26.0 -40.642857
-16.0 -17.0 -38.857143
-9.0 -9.0 -37.357143
-7.0 -10.0 -33.642857
-2.0 -9.0 -31.5
8.0 0.0 -31.642857
11.0 4.0 -33.0
8.0 -3.0 -28.928572
1.0 -2.0 -22.928572
-5.0 -5.0 -15.428572
-8.0 -13.0 -6.5
-9.0 -11.0 0.14285715
0.0 0.0 0.0
0.0 0.0 0.0
0.0 0.0 0.0
0.0 0.0 0.0
0.0 0.0 0.0
0.0 0.0 0.0
0.0 0.0 0.0
0.0 0.0 0.0
0.0 0.0 0.0
0.0 0.0 0.0
0.0 0.0 0.0
0.0 0.0 0.0
0.0 0.0 0.0
0.0 0.0 0.0
0.0 0.0 0.0
0.0 0.0 0.0
0.0 0.0 0.0
0.0 0.0 0.0
0.0 0.0 0.0
0.0 0.0 0.0
0.0 0.0 0.0
0.0 0.0 0.0
37.0 -14.0 11.857142
39.0 -14.0 15.571428
-113.0 -46.0 10.785714
9.0 -52.0 14.928572
-28.0 15.0 11.357142
-28.0 38.0 6.071429
-10.0 -116.0 13.142858
-19.0 -101.0 18.214285
-24.0 -21.0 17.785715
-18.0 -38.0 19.214285
-18.0 -40.0 20.428572
-20.0 -28.0 20.857143
-20.0 -33.0 19.357143
-9.0 -33.0 18.642857
-6.0 -20.0 16.0
-6.0 -15.0 12.857142
6.0 -4.0 18.357143
4.0 0.0 14.285714
-3.0 -7.0 17.642857
-4.0 1.0 22.0
-1.0 3.0 14.142858
-4.0 -3.0 8.214286
-5.0 -14.0 9.071428
-12.0 -3.0 7.0
-12.0 -3.0 4.785714
-19.0 46.0 -0.42857143
0.0 0.0 0.0
0.0 0.0 0.0
0.0 0.0 0.0
0.0 0.0 0.0
0.0 0.0 0.0
0.0 0.0 0.0
0.0 0.0 0.0
0.0 0.0 0.0
0.0 0.0 0.0
0.0 0.0 0.0
0.0 0.0 0.0
0.0 0.0 0.0
0.0 0.0 0.0
0.0 0.0 0.0
9.0 73.0 -12.214286
9.0 73.0 -17.785715
-79.0 34.0 -26.5
-113.0 -4.0 -35.0
-58.0 -24.0 -37.714287
-58.0 -24.0 -40.42857
-22.0 -25.0 -39.857143
-24.0 -11.0 -40.5
-25.0 0.0 -42.214287
-25.0 0.0 -44.642857
-13.0 4.0 -45.214287
0.0 14.0 -45.57143
8.0 11.0 -41.142857
6.0 11.0 -36.92857
5.0 5.0 -32.357143
14.0 -17.0 -25.571428
26.0 -5.0 -15.285714
26.0 -5.0 -5.285714
33.0 -20.0 0.9285714
0.0 0.0 0.0
0.0 0.0 0.0
0.0 0.0 0.0
0.0 0.0 0.0
0.0 0.0 0.0
0.0 0.0 0.0
0.0 0.0 0.0
0.0 0.0 0.0
0.0 0.0 0.0
0.0 0.0 0.0
0.0 0.0 0.0
0.0 0.0 0.0
0.0 0.0 0.0
0.0 0.0 0.0
0.0 0.0 0.0
0.0 0.0 0.0
0.0 0.0 0.0
0.0 0.0 0.0
0.0 0.0 0.0
0.0 0.0 0.0
0.0 0.0 0.0
32.0 -34.0 12.285714
-3.0 24.0 11.571428
-18.0 -119.0 19.785715
6.0 -70.0 25.428572
6.0 -70.0 31.214285
-5.0 -65.0 35.5
-14.0 -47.0 35.642857
-3.0 -34.0 35.642857
-3.0 -32.0 35.5
-1.0 -24.0 33.357143
4.0 -11.0 30.714285
6.0 -9.0 36.357143
6.0 0.0 40.714287
3.0 3.0 36.0
2.0 5.0 31.071428
-2.0 20.0 31.428572
-9.0 22.0 22.0
-7.0 9.0 15.428572
-9.0 23.0 7.714286
-24.0 65.0 -2.9285715
0.0 0.0 0.0
0.0 0.0 0.0
0.0 0.0 0.0
0.0 0.0 0.0
0.0 0.0 0.0
0.0 0.0 0.0
0.0 0.0 0.0
0.0 0.0 0.0
0.0 0.0 0.0
0.0 0.0 0.0
0.0 0.0 0.0
0.0 0.0 0.0
0.0 0.0 0.0
0.0 0.0 0.0
0.0 0.0 0.0
0.0 0.0 0.0
0.0 0.0 0.0
0.0 0.0 0.0
0.0 0.0 0.0
0.0 0.0 0.0
1.0 104.0 -17.928572
-30.0 -58.0 -17.571428
-99.0 -13.0 -24.785715
-79.0 -24.0 -29.785715
-57.0 -22.0 -32.714287
-28.0 -40.0 -31.857143
-17.0 -22.0 -31.285715
-16.0 -20.0 -29.428572
-14.0 -9.0 -27.571428
-14.0 -1.0 -27.357143
-14.0 3.0 -26.285715
-14.0 10.0 -21.642857
-12.0 11.0 -29.642857
-5.0 14.0 -23.642857
1.0 -12.0 -15.357142
1.0 -12.0 -16.428572
-7.0 -8.0 -10.214286
7.0 4.0 -6.071429
7.0 4.0 -3.357143
-1.0 -16.0 -3.142857
59.0 -22.0 2.2857144
0.0 0.0 0.0
0.0 0.0 0.0
0.0 0.0 0.0
0.0 0.0 0.0
0.0 0.0 0.0
0.0 0.0 0.0
0.0 0.0 0.0
0.0 0.0 0.0
0.0 0.0 0.0
0.0 0.0 0.0
0.0 0.0 0.0
0.0 0.0 0.0
0.0 0.0 0.0
0.0 0.0 0.0
0.0 0.0 0.0
0.0 0.0 0.0
0.0 0.0 0.0
0.0 0.0 0.0
0.0 0.0 0.0
2.0 -119.0 18.642857
-18.0 -71.0 23.785715
-18.0 -37.0 24.214285
-16.0 -33.0 24.5
-16.0 -33.0 25.642857
-12.0 -34.0 27.0
-8.0 -39.0 29.0
4.0 -29.0 30.285715
4.0 -24.0 26.5
2.0 -15.0 30.142857
0.0 -1.0 31.857143
2.0 10.0 24.357143
2.0 10.0 24.142857
-12.0 4.0 23.357143
-12.0 4.0 13.571428
-16.0 4.0 8.357142
-11.0 36.0 3.642857
-15.0 40.0 -1.5
0.0 0.0 0.0
0.0 0.0 0.0
0.0 0.0 0.0
0.0 0.0 0.0
0.0 0.0 0.0
0.0 0.0 0.0
0.0 0.0 0.0
0.0 0.0 0.0
0.0 0.0 0.0
0.0 0.0 0.0
0.0 0.0 0.0
0.0 0.0 0.0
0.0 0.0 0.0
0.0 0.0 0.0
0.0 0.0 0.0
0.0 0.0 0.0
0.0 0.0 0.0
0.0 0.0 0.0
0.0 0.0 0.0
0.0 0.0 0.0
0.0 0.0 0.0
0.0 0.0 0.0
7.0 71.0 -11.928572
-85.0 -44.0 -16.071428
-86.0 -1.0 -22.214285
-54.0 -13.0 -24.571428
-28.0 -11.0 -25.214285
-24.0 -20.0 -24.357143
-22.0 -17.0 -23.571428
-4.0 -12.0 -21.571428
6.0 -14.0 -16.785715
16.0 -3.0 -11.5
20.0 23.0 -17.714285
20.0 32.0 -23.642857
13.0 4.0 -20.0
9.0 -6.0 -14.357142
0.0 -20.0 -8.357142
0.0 -20.0 -4.0
3.0 -8.0 2.857143
0.0 0.0 0.0
0.0 0.0 0.0
0.0 0.0 0.0
0.0 0.0 0.0
0.0 0.0 0.0
0.0 0.0 0.0
0.0 0.0 0.0
0.0 0.0 0.0
0.0 0.0 0.0
0.0 0.0 0.0
0.0 0.0 0.0
0.0 0.0 0.0
0.0 0.0 0.0
0.0 0.0 0.0
0.0 0.0 0.0
0.0 0.0 0.0
0.0 0.0 0.0
0.0 0.0 0.0
0.0 0.0 0.0
0.0 0.0 0.0
0.0 0.0 0.0
0.0 0.0 0.0
0.0 0.0 0.0
7.0 -29.0 12.357142
-113.0 -61.0 9.0
-113.0 -61.0 4.714286
58.0 -61.0 11.785714
-17.0 -34.0 11.642858
-14.0 4.0 10.571428
3.0 -119.0 20.142857
-12.0 -64.0 23.214285
-6.0 -40.0 24.571428
-6.0 -30.0 24.857143
-10.0 -24.0 24.428572
-7.0 -22.0 24.714285
-4.0 -17.0 24.285715
-4.0 -17.0 24.071428
-6.0 -6.0 21.5
4.0 -2.0 25.642857
0.0 0.0 29.357143
0.0 2.0 20.714285
-1.0 3.0 19.214285
-13.0 10.0 18.857143
-13.0 10.0 8.5
-7.0 13.0 3.357143
-1.0 -9.0 1.5
-16.0 61.0 -5.714286
0.0 0.0 0.0
0.0 0.0 0.0
0.0 0.0 0.0
0.0 0.0 0.0
0.0 0.0 0.0
0.0 0.0 0.0
0.0 0.0 0.0
0.0 0.0 0.0
0.0 0.0 0.0
0.0 0.0 0.0
0.0 0.0 0.0
0.0 0.0 0.0
0.0 0.0 0.0
0.0 0.0 0.0
0.0 0.0 0.0
0.0 0.0 0.0
-19.0 -119.0 12.714286
-20.0 -11.0 11.142858
12.0 -21.0 13.5
-106.0 -6.0 5.928571
-81.0 -12.0 1.0
-61.0 -27.0 -1.2857143
-63.0 -24.0 -3.7857144
-39.0 -32.0 -2.642857
-32.0 -9.0 -2.642857
-32.0 -9.0 -2.857143
-21.0 2.0 -5.071429
-7.0 2.0 -0.21428572
9.0 -3.0 -6.5
9.0 -5.0 -12.642858
17.0 -2.0 -18.428572
12.0 -6.0 -16.5
10.0 -3.0 -17.928572
28.0 -14.0 -7.785714
28.0 -14.0 0.14285715
0.0 0.0 0.0
0.0 0.0 0.0
0.0 0.0 0.0
0.0 0.0 0.0
0.0 0.0 0.0
0.0 0.0 0.0
0.0 0.0 0.0
0.0 0.0 0.0
0.0 0.0 0.0
0.0 0.0 0.0
0.0 0.0 0.0
0.0 0.0 0.0
0.0 0.0 0.0
0.0 0.0 0.0
0.0 0.0 0.0
0.0 0.0 0.0
0.0 0.0 0.0
0.0 0.0 0.0
0.0 0.0 0.0
0.0 0.0 0.0
0.0 0.0 0.0
44.0 -30.0 14.571428
-113.0 -43.0 10.071428
-113.0 -48.0 7.071429
4.0 -47.0 12.357142
-24.0 15.0 11.214286
-1.0 -119.0 20.285715
-1.0 -119.0 27.857143
-3.0 -42.0 29.642857
-14.0 -64.0 31.857143
-11.0 -29.0 31.857143
-11.0 -29.0 32.214287
-8.0 -33.0 31.0
-6.0 -22.0 29.142857
-9.0 -10.0 25.285715
-9.0 -10.0 20.071428
6.0 -9.0 26.142857
6.0 -6.0 31.642857
-14.0 -6.0 27.428572
-14.0 -7.0 29.714285
-6.0 -3.0 21.071428
-10.0 -9.0 12.571428
-17.0 36.0 6.0
-17.0 53.0 -2.5714285
0.0 0.0 0.0
0.0 0.0 0.0
0.0 0.0 0.0
0.0 0.0 0.0
0.0 0.0 0.0
0.0 0.0 0.0
0.0 0.0 0.0
0.0 0.0 0.0
0.0 0.0 0.0
0.0 0.0 0.0
0.0 0.0 0.0
0.0 0.0 0.0
0.0 0.0 0.0
0.0 0.0 0.0
0.0 0.0 0.0
0.0 0.0 0.0
0.0 0.0 0.0
-31.0 42.0 -15.642858
-41.0 -119.0 -11.857142
-23.0 57.0 -18.714285
-47.0 -13.0 -21.214285
-47.0 -13.0 -23.714285
-47.0 -13.0 -27.214285
-75.0 -36.0 -30.857143
-26.0 -15.0 -31.071428
-26.0 -15.0 -31.357143
-17.0 -11.0 -31.571428
6.0 -5.0 -30.714285
12.0 6.0 -26.5
13.0 13.0 -21.5
4.0 3.0 -16.142857
5.0 1.0 -10.642858
3.0 -6.0 -15.571428
0.0 -6.0 -9.428572
10.0 -17.0 -5.071429
27.0 -30.0 1.4285715
0.0 0.0 0.0
0.0 0.0 0.0
0.0 0.0 0.0
0.0 0.0 0.0
0.0 0.0 0.0
0.0 0.0 0.0
0.0 0.0 0.0
0.0 0.0 0.0
0.0 0.0 0.0
0.0 0.0 0.0
0.0 0.0 0.0
0.0 0.0 0.0
0.0 0.0 0.0
0.0 0.0 0.0
0.0 0.0 0.0
0.0 0.0 0.0
0.0 0.0 0.0
0.0 0.0 0.0
0.0 0.0 0.0
0.0 0.0 0.0
0.0 0.0 0.0
-6.0 -89.0 12.857142
-9.0 -44.0 14.928572
-9.0 -44.0 17.428572
-14.0 -39.0 19.142857
-10.0 -22.0 19.714285
-12.0 -27.0 20.142857
-4.0 -14.0 20.428572
0.0 -7.0 19.0
4.0 -3.0 15.428572
5.0 4.0 16.642857
7.0 5.0 17.928572
1.0 9.0 22.0
2.0 11.0 19.928572
-13.0 19.0 13.071428
-10.0 23.0 4.785714
-11.0 26.0 -0.35714287
0.0 0.0 0.0
0.0 0.0 0.0
0.0 0.0 0.0
0.0 0.0 0.0
0.0 0.0 0.0
0.0 0.0 0.0
0.0 0.0 0.0
0.0 0.0 0.0
0.0 0.0 0.0
0.0 0.0 0.0
0.0 0.0 0.0
0.0 0.0 0.0
0.0 0.0 0.0
0.0 0.0 0.0
0.0 0.0 0.0
0.0 0.0 0.0
0.0 0.0 0.0
0.0 0.0 0.0
0.0 0.0 0.0
0.0 0.0 0.0
0.0 0.0 0.0
0.0 0.0 0.0
0.0 0.0 0.0
0.0 0.0 0.0
-28.0 84.0 -10.857142
-28.0 84.0 -20.642857
-7.0 -50.0 -18.428572
11.0 80.0 -24.428572
11.0 80.0 -30.071428
-113.0 64.0 -43.214287
-103.0 -7.0 -50.57143
-56.0 -66.0 -49.92857
-56.0 -66.0 -49.357143
-19.0 -19.0 -48.785713
-19.0 -4.0 -49.214287
-19.0 -5.0 -47.92857
-19.0 -5.0 -46.57143
-14.0 -5.0 -44.57143
-10.0 1.0 -37.357143
-7.0 1.0 -29.928572
-5.0 5.0 -33.714287
0.0 9.0 -29.428572
10.0 0.0 -23.785715
11.0 0.0 -10.357142
12.0 -5.0 -2.2857144
36.0 -5.0 -0.071428575
21.0 -21.0 2.2142856
0.0 0.0 0.0
0.0 0.0 0.0
0.0 0.0 0.0
0.0 0.0 0.0
0.0 0.0 0.0
0.0 0.0 0.0
0.0 0.0 0.0
0.0 0.0 0.0
0.0 0.0 0.0
0.0 0.0 0.0
0.0 0.0 0.0
0.0 0.0 0.0
0.0 0.0 0.0
0.0 0.0 0.0
0.0 0.0 0.0
0.0 0.0 0.0
0.0 0.0 0.0
142.0 -20.0 13.785714
142.0 -20.0 26.428572
45.0 -24.0 32.357143
-13.0 -11.0 33.214287
-10.0 -66.0 37.857143
-7.0 -36.0 40.714287
-13.0 -36.0 42.92857
-18.0 -44.0 45.5
-17.0 -23.0 46.57143
-19.0 -20.0 45.92857
-16.0 -21.0 45.5
-14.0 -25.0 45.07143
-13.0 -22.0 42.785713
-12.0 -12.0 39.785713
11.0 -8.0 29.571428
-4.0 -10.0 18.428572
-4.0 12.0 12.357142
-5.0 12.0 11.285714
-13.0 7.0 5.857143
-8.0 5.0 2.857143
-7.0 11.0 -0.071428575
0.0 0.0 0.0
0.0 0.0 0.0
0.0 0.0 0.0
0.0 0.0 0.0
0.0 0.0 0.0
0.0 0.0 0.0
0.0 0.0 0.0
0.0 0.0 0.0
0.0 0.0 0.0
0.0 0.0 0.0
0.0 0.0 0.0
0.0 0.0 0.0
0.0 0.0 0.0
0.0 0.0 0.0
0.0 0.0 0.0
0.0 0.0 0.0
0.0 0.0 0.0
0.0 0.0 0.0
0.0 0.0 0.0
-79.0 -22.0 -12.571428
-9.0 -37.0 -11.928572
12.0 -32.0 -10.071428
-18.0 -34.0 -8.357142
-26.0 -17.0 -8.714286
-10.0 -119.0 -0.9285714
-12.0 -20.0 -0.071428575
-12.0 -20.0 0.71428573
-17.0 -63.0 4.642857
-11.0 -27.0 6.214286
-11.0 -18.0 7.928571
-11.0 -18.0 8.285714
-8.0 -20.0 13.142858
-3.0 -11.0 17.357143
1.0 -10.0 22.214285
-1.0 -10.0 20.857143
-1.0 -10.0 18.357143
1.0 -10.0 18.0
-1.0 -26.0 20.428572
-4.0 -36.0 14.928572
-4.0 -36.0 16.642857
-16.0 3.0 14.714286
-11.0 30.0 8.5
-11.0 37.0 3.9285715
-12.0 -7.0 3.0714285
-17.0 -68.0 6.214286
-46.0 -78.0 7.642857
3.0 -62.0 11.714286
-1.0 20.0 9.428572
-1.0 20.0 7.285714
-29.0 26.0 2.7142856
-51.0 -20.0 -0.2857143
0.0 0.0 0.0
0.0 0.0 0.0
0.0 0.0 0.0
0.0 0.0 0.0
0.0 0.0 0.0
0.0 0.0 0.0
0.0 0.0 0.0
0.0 0.0 0.0
-9.0 -114.0 16.214285
-8.0 -119.0 24.642857
-13.0 -54.0 28.928572
-13.0 -21.0 30.857143
-12.0 -48.0 32.214287
-12.0 -48.0 34.07143
-13.0 -51.0 34.07143
-8.0 -52.0 34.5
-9.0 -46.0 33.642857
-9.0 -46.0 38.0
-9.0 -46.0 38.07143
15.0 -4.0 36.857143
3.0 -10.0 36.857143
-11.0 -1.0 39.42857
-18.0 -1.0 30.714285
-18.0 7.0 21.0
-21.0 18.0 15.285714
-12.0 33.0 11.5
-15.0 26.0 6.0
-9.0 94.0 -3.9285715
0.0 0.0 0.0
0.0 0.0 0.0
0.0 0.0 0.0
0.0 0.0 0.0
0.0 0.0 0.0
0.0 0.0 0.0
0.0 0.0 0.0
0.0 0.0 0.0
0.0 0.0 0.0
0.0 0.0 0.0
0.0 0.0 0.0
0.0 0.0 0.0
0.0 0.0 0.0
0.0 0.0 0.0
0.0 0.0 0.0
0.0 0.0 0.0
0.0 0.0 0.0
0.0 0.0 0.0
0.0 0.0 0.0
0.0 0.0 0.0
-6.0 107.0 -10.714286
2.0 107.0 -20.857143
-12.0 -43.0 -21.285715
-113.0 -72.0 -26.857143
-90.0 -1.0 -34.57143
-63.0 -7.0 -39.5
-38.0 -18.0 -40.214287
-26.0 -19.0 -39.5
-13.0 -24.0 -36.92857
4.0 -17.0 -32.642857
11.0 -1.0 -28.571428
11.0 -1.0 -24.785715
13.0 -1.0 -16.428572
12.0 31.0 -24.928572
9.0 6.0 -16.642857
4.0 3.0 -9.071428
7.0 -15.0 -9.714286
7.0 -27.0 -4.357143
-10.0 -4.0 1.5714285
0.0 0.0 0.0
0.0 0.0 0.0
0.0 0.0 0.0
0.0 0.0 0.0
0.0 0.0 0.0
0.0 0.0 0.0
0.0 0.0 0.0
0.0 0.0 0.0
0.0 0.0 0.0
0.0 0.0 0.0
0.0 0.0 0.0
0.0 0.0 0.0
0.0 0.0 0.0
0.0 0.0 0.0
0.0 0.0 0.0
0.0 0.0 0.0
0.0 0.0 0.0
0.0 0.0 0.0
0.0 0.0 0.0
0.0 0.0 0.0
0.0 0.0 0.0
-6.0 -27.0 12.0
-28.0 -44.0 12.357142
-113.0 -44.0 5.928571
19.0 -12.0 7.285714
19.0 -12.0 8.642858
-30.0 -55.0 9.428572
-6.0 -67.0 15.142858
-16.0 -73.0 19.0
-16.0 -65.0 22.428572
-19.0 -44.0 22.642857
-15.0 -21.0 20.642857
-12.0 -19.0 21.571428
-9.0 -13.0 20.357143
-9.0 -13.0 19.142857
-4.0 1.0 17.285715
-4.0 4.0 15.571428
10.0 13.0 20.285715
9.0 14.0 17.714285
-7.0 3.0 14.785714
-6.0 11.0 11.785714
-9.0 8.0 6.214286
-11.0 -10.0 2.0714285
-11.0 -10.0 -1.5
0.0 0.0 0.0
0.0 0.0 0.0
0.0 0.0 0.0
0.0 0.0 0.0
0.0 0.0 0.0
0.0 0.0 0.0
0.0 0.0 0.0
0.0 0.0 0.0
0.0 0.0 0.0
0.0 0.0 0.0
0.0 0.0 0.0
0.0 0.0 0.0
0.0 0.0 0.0
0.0 0.0 0.0
0.0 0.0 0.0
0.0 0.0 0.0
0.0 0.0 0.0
-113.0 -16.0 -13.785714
-86.0 -58.0 -15.214286
-70.0 -50.0 -16.428572
-54.0 -2.0 -19.785715
-18.0 -24.0 -18.642857
7.0 -27.0 -15.0
7.0 -22.0 -11.714286
11.0 -8.0 -10.285714
9.0 7.0 -10.071428
6.0 8.0 -10.214286
6.0 8.0 -10.357142
11.0 7.0 -10.071428
10.0 -4.0 -12.071428
-26.0 -6.0 -8.071428
-21.0 -6.0 -2.2142856
12.0 -9.0 1.2857143
0.0 0.0 0.0
0.0 0.0 0.0
0.0 0.0 0.0
0.0 0.0 0.0
0.0 0.0 0.0
0.0 0.0 0.0
0.0 0.0 0.0
0.0 0.0 0.0
0.0 0.0 0.0
0.0 0.0 0.0
0.0 0.0 0.0
0.0 0.0 0.0
0.0 0.0 0.0
0.0 0.0 0.0
0.0 0.0 0.0
0.0 0.0 0.0
0.0 0.0 0.0
0.0 0.0 0.0
0.0 0.0 0.0
0.0 0.0 0.0
0.0 0.0 0.0
0.0 0.0 0.0
0.0 0.0 0.0
0.0 0.0 0.0
15.0 -31.0 14.214286
6.0 -28.0 16.214285
50.0 -17.0 18.571428
10.0 10.0 16.5
10.0 10.0 15.142858
-25.0 -119.0 21.714285
-10.0 -51.0 24.785715
-10.0 -51.0 27.857143
-12.0 -70.0 31.714285
-13.0 -38.0 32.5
-11.0 -40.0 36.0
-4.0 -22.0 38.357143
-4.0 -22.0 38.142857
7.0 -19.0 35.5
4.0 -12.0 33.357143
2.0 1.0 31.0
0.0 5.0 25.857143
7.0 -16.0 27.5
-11.0 11.0 25.928572
-4.0 14.0 17.928572
-12.0 14.0 13.142858
-12.0 2.0 9.214286
-9.0 43.0 1.3571428
-27.0 -18.0 -1.0714285
0.0 0.0 0.0
0.0 0.0 0.0
0.0 0.0 0.0
0.0 0.0 0.0
0.0 0.0 0.0
0.0 0.0 0.0
0.0 0.0 0.0
0.0 0.0 0.0
0.0 0.0 0.0
0.0 0.0 0.0
0.0 0.0 0.0
0.0 0.0 0.0
0.0 0.0 0.0
0.0 0.0 0.0
0.0 0.0 0.0
0.0 0.0 0.0
-24.0 84.0 -16.285715
-24.0 60.0 -24.142857
-112.0 -25.0 -31.5
-89.0 -30.0 -35.785713
-39.0 -24.0 -36.5
-13.0 -24.0 -37.357143
-9.0 -24.0 -34.714287
6.0 -20.0 -31.571428
11.0 -12.0 -28.071428
17.0 -7.0 -25.357143
17.0 -7.0 -19.928572
19.0 3.0 -18.142857
18.0 4.0 -22.0
6.0 5.0 -14.214286
-1.0 10.0 -7.285714
-1.0 6.0 -1.7857143
5.0 -13.0 5.714286
0.0 0.0 0.0
0.0 0.0 0.0
0.0 0.0 0.0
0.0 0.0 0.0
0.0 0.0 0.0
0.0 0.0 0.0
0.0 0.0 0.0
0.0 0.0 0.0
0.0 0.0 0.0
0.0 0.0 0.0
0.0 0.0 0.0
0.0 0.0 0.0
0.0 0.0 0.0
0.0 0.0 0.0
0.0 0.0 0.0
0.0 0.0 0.0
0.0 0.0 0.0
0.0 0.0 0.0
0.0 0.0 0.0
0.0 0.0 0.0
0.0 0.0 0.0
0.0 0.0 0.0
0.0 0.0 0.0
18.0 -16.0 13.5
18.0 -20.0 15.428572
23.0 -27.0 17.928572
72.0 -50.0 24.785715
72.0 -50.0 31.857143
-15.0 -42.0 32.07143
-26.0 17.0 27.285715
3.0 -119.0 34.857143
-14.0 -41.0 35.785713
-17.0 -50.0 38.07143
-20.0 -69.0 42.357143
-14.0 -51.0 45.5
-11.0 -47.0 46.785713
-11.0 -48.0 49.357143
-5.0 -36.0 49.142857
8.0 -28.0 49.0
-2.0 -1.0 45.357143
-2.0 -1.0 36.57143
-4.0 8.0 27.0
-8.0 3.0 24.285715
-8.0 9.0 26.142857
-4.0 16.0 16.0
-4.0 16.0 12.642858
-5.0 43.0 6.857143
-11.0 93.0 -4.071429
0.0 0.0 0.0
0.0 0.0 0.0
0.0 0.0 0.0
0.0 0.0 0.0
0.0 0.0 0.0
0.0 0.0 0.0
0.0 0.0 0.0
0.0 0.0 0.0
0.0 0.0 0.0
0.0 0.0 0.0
0.0 0.0 0.0
0.0 0.0 0.0
0.0 0.0 0.0
0.0 0.0 0.0
0.0 0.0 0.0
-16.0 62.0 -12.285714
0.0 82.0 -20.714285
-7.0 67.0 -28.642857
-7.0 67.0 -36.142857
-113.0 -8.0 -46.214287
-72.0 -22.0 -49.714287
-72.0 -22.0 -53.214287
-33.0 -35.0 -52.214287
-12.0 -27.0 -50.357143
-3.0 -16.0 -48.214287
-3.0 -11.0 -46.214287
-6.0 -7.0 -44.714287
-5.0 -9.0 -41.0
-5.0 2.0 -34.07143
5.0 12.0 -29.0
4.0 11.0 -23.642857
9.0 9.0 -18.357143
8.0 25.0 -14.285714
15.0 -18.0 -4.428571
15.0 -25.0 2.0
0.0 0.0 0.0
0.0 0.0 0.0
0.0 0.0 0.0
0.0 0.0 0.0
0.0 0.0 0.0
0.0 0.0 0.0
0.0 0.0 0.0
0.0 0.0 0.0
0.0 0.0 0.0
0.0 0.0 0.0
0.0 0.0 0.0
0.0 0.0 0.0
0.0 0.0 0.0
0.0 0.0 0.0
0.0 0.0 0.0
0.0 0.0 0.0
0.0 0.0 0.0
0.0 0.0 0.0
0.0 0.0 0.0
0.0 0.0 0.0
35.0 -37.0 10.142858
35.0 -37.0 15.785714
-11.0 -6.0 15.928572
-8.0 13.0 14.928572
-8.0 -119.0 22.857143
-20.0 -72.0 27.785715
-17.0 -39.0 27.0
-13.0 -65.0 27.857143
-14.0 -34.0 28.928572
-13.0 -40.0 31.142857
-13.0 -39.0 32.92857
-1.0 -33.0 35.142857
0.0 -18.0 32.214287
-3.0 -9.0 34.57143
-5.0 -8.0 29.642857
-5.0 -10.0 24.857143
2.0 -9.0 26.0
-5.0 8.0 26.571428
0.0 7.0 18.142857
-8.0 14.0 12.857142
-10.0 11.0 9.785714
-11.0 76.0 -0.14285715
0.0 0.0 0.0
0.0 0.0 0.0
0.0 0.0 0.0
0.0 0.0 0.0
0.0 0.0 0.0
0.0 0.0 0.0
0.0 0.0 0.0
0.0 0.0 0.0
0.0 0.0 0.0
0.0 0.0 0.0
0.0 0.0 0.0
0.0 0.0 0.0
0.0 0.0 0.0
0.0 0.0 0.0
0.0 0.0 0.0
0.0 0.0 0.0
0.0 0.0 0.0
0.0 0.0 0.0
-8.0 108.0 -12.785714
-32.0 -14.0 -15.357142
-84.0 -1.0 -21.714285
-51.0 -26.0 -23.714285
-40.0 -37.0 -24.285715
-26.0 -41.0 -24.0
-23.0 -14.0 -23.714285
-23.0 -8.0 -24.285715
-23.0 -5.0 -24.0
-20.0 -3.0 -23.714285
-12.0 4.0 -18.642857
3.0 13.0 -17.071428
3.0 13.0 -24.214285
11.0 -10.0 -21.714285
11.0 -4.0 -12.357142
4.0 -6.0 -10.357142
4.0 -6.0 -3.7142856
6.0 -10.0 -0.78571427
19.0 -14.0 1.7857143
0.0 0.0 0.0
0.0 0.0 0.0
0.0 0.0 0.0
0.0 0.0 0.0
0.0 0.0 0.0
0.0 0.0 0.0
0.0 0.0 0.0
0.0 0.0 0.0
0.0 0.0 0.0
0.0 0.0 0.0
0.0 0.0 0.0
0.0 0.0 0.0
0.0 0.0 0.0
0.0 0.0 0.0
0.0 0.0 0.0
0.0 0.0 0.0
0.0 0.0 0.0
0.0 0.0 0.0
0.0 0.0 0.0
0.0 0.0 0.0
0.0 0.0 0.0
5.0 -119.0 16.142857
-20.0 -61.0 17.571428
-7.0 -47.0 19.357143
-11.0 -47.0 21.214285
-11.0 -21.0 21.214285
-7.0 -22.0 21.142857
-2.0 -9.0 19.285715
-1.0 -8.0 19.142857
1.0 -5.0 21.214285
1.0 -5.0 22.928572
0.0 -6.0 28.928572
0.0 -6.0 29.142857
-3.0 2.0 30.214285
-25.0 12.0 18.714285
-6.0 -7.0 9.928572
-6.0 -7.0 7.071429
-16.0 26.0 1.2142857
-7.0 44.0 -5.0
0.0 0.0 0.0
0.0 0.0 0.0
0.0 0.0 0.0
0.0 0.0 0.0
0.0 0.0 0.0
0.0 0.0 0.0
0.0 0.0 0.0
0.0 0.0 0.0
0.0 0.0 0.0
0.0 0.0 0.0
0.0 0.0 0.0
0.0 0.0 0.0
0.0 0.0 0.0
0.0 0.0 0.0
0.0 0.0 0.0
0.0 0.0 0.0
0.0 0.0 0.0
0.0 0.0 0.0
0.0 0.0 0.0
0.0 0.0 0.0
0.0 0.0 0.0
0.0 0.0 0.0
-9.0 -31.0 10.214286
31.0 -44.0 15.285714
31.0 -44.0 20.642857
64.0 -19.0 26.571428
-19.0 24.0 23.5
-14.0 -70.0 27.5
-6.0 -119.0 35.5
-21.0 -55.0 36.642857
-24.0 -78.0 39.214287
-15.0 -36.0 40.42857
-15.0 -36.0 41.5
-6.0 -41.0 42.642857
-4.0 -28.0 42.285713
0.0 -22.0 42.285713
0.0 -22.0 42.285713
-2.0 -20.0 38.214287
-2.0 -2.0 32.857143
-4.0 2.0 26.5
-2.0 2.0 29.285715
-4.0 5.0 24.642857
1.0 6.0 16.214285
-7.0 52.0 9.571428
-18.0 15.0 3.357143
-18.0 49.0 -2.9285715
0.0 0.0 0.0
0.0 0.0 0.0
0.0 0.0 0.0
0.0 0.0 0.0
0.0 0.0 0.0
0.0 0.0 0.0
0.0 0.0 0.0
0.0 0.0 0.0
0.0 0.0 0.0
0.0 0.0 0.0
0.0 0.0 0.0
0.0 0.0 0.0
0.0 0.0 0.0
0.0 0.0 0.0
0.0 0.0 0.0
0.0 0.0 0.0
-113.0 63.0 -18.071428
-113.0 33.0 -30.071428
-87.0 -38.0 -35.142857
-87.0 -38.0 -39.92857
-48.0 -32.0 -41.07143
-16.0 -26.0 -39.92857
-8.0 -19.0 -38.857143
-4.0 -19.0 -37.142857
-1.0 -12.0 -36.0
-6.0 -10.0 -31.5
-3.0 -3.0 -29.142857
-3.0 -3.0 -24.357143
2.0 1.0 -25.785715
11.0 3.0 -26.857143
13.0 5.0 -13.714286
15.0 1.0 -2.2857144
16.0 4.0 2.0714285
0.0 0.0 0.0
0.0 0.0 0.0
0.0 0.0 0.0
0.0 0.0 0.0
0.0 0.0 0.0
0.0 0.0 0.0
0.0 0.0 0.0
0.0 0.0 0.0
0.0 0.0 0.0
0.0 0.0 0.0
0.0 0.0 0.0
0.0 0.0 0.0
0.0 0.0 0.0
0.0 0.0 0.0
0.0 0.0 0.0
0.0 0.0 0.0
0.0 0.0 0.0
0.0 0.0 0.0
0.0 0.0 0.0
0.0 0.0 0.0
0.0 0.0 0.0
0.0 0.0 0.0
0.0 0.0 0.0
12.0 -33.0 13.142858
30.0 13.0 13.642858
25.0 -7.0 15.142858
-5.0 -31.0 15.928572
-113.0 -39.0 9.857142
-113.0 -39.0 4.285714
-36.0 -52.0 5.428571
-14.0 -19.0 5.785714
-6.0 19.0 3.9285715
-10.0 -119.0 11.142858
-11.0 -119.0 18.285715
-10.0 -29.0 18.642857
-12.0 -55.0 20.857143
-14.0 -25.0 18.428572
-14.0 -30.0 16.357143
-13.0 -38.0 16.928572
-2.0 -22.0 16.071428
2.0 0.0 14.357142
2.0 3.0 19.571428
-3.0 0.0 24.642857
-3.0 -7.0 23.785715
-5.0 6.0 22.642857
-5.0 9.0 23.428572
1.0 6.0 15.285714
-10.0 -7.0 7.357143
-7.0 16.0 4.357143
-7.0 47.0 -2.5714285
0.0 0.0 0.0
0.0 0.0 0.0
0.0 0.0 0.0
0.0 0.0 0.0
0.0 0.0 0.0
0.0 0.0 0.0
0.0 0.0 0.0
0.0 0.0 0.0
0.0 0.0 0.0
0.0 0.0 0.0
0.0 0.0 0.0
0.0 0.0 0.0
0.0 0.0 0.0
8.0 48.0 -12.714286
-72.0 45.0 -22.5
-106.0 -11.0 -29.428572
-78.0 -69.0 -30.0
-74.0 -69.0 -30.142857
-51.0 -25.0 -32.285713
-37.0 -20.0 -32.714287
-32.0 -3.0 -33.785713
-24.0 11.0 -35.92857
-12.0 -11.0 -35.785713
-3.0 2.0 -34.5
2.0 4.0 -30.785715
3.0 4.0 -29.071428
-3.0 10.0 -28.214285
-7.0 -6.0 -25.428572
1.0 -1.0 -16.928572
7.0 -2.0 -9.5
-2.0 -31.0 -6.785714
12.0 -28.0 -3.5714285
36.0 -28.0 2.857143
0.0 0.0 0.0
0.0 0.0 0.0
0.0 0.0 0.0
0.0 0.0 0.0
0.0 0.0 0.0
0.0 0.0 0.0
0.0 0.0 0.0
0.0 0.0 0.0
0.0 0.0 0.0
0.0 0.0 0.0
0.0 0.0 0.0
0.0 0.0 0.0
0.0 0.0 0.0
0.0 0.0 0.0
0.0 0.0 0.0
0.0 0.0 0.0
0.0 0.0 0.0
0.0 0.0 0.0
0.0 0.0 0.0
0.0 0.0 0.0
30.0 -28.0 13.785714
-4.0 -25.0 17.785715
-4.0 -25.0 19.357143
-11.0 -54.0 22.785715
-11.0 -54.0 26.0
-24.0 -61.0 28.714285
-15.0 -42.0 31.571428
-14.0 -37.0 33.285713
-14.0 -37.0 34.785713
-4.0 -30.0 36.0
1.0 -10.0 34.714287
2.0 -3.0 32.214287
0.0 -5.0 28.0
-1.0 -6.0 24.857143
0.0 -5.0 21.071428
-4.0 7.0 18.785715
-10.0 45.0 13.357142
-10.0 45.0 6.357143
-14.0 35.0 -0.21428572
0.0 0.0 0.0
0.0 0.0 0.0
0.0 0.0 0.0
0.0 0.0 0.0
0.0 0.0 0.0
0.0 0.0 0.0
0.0 0.0 0.0
0.0 0.0 0.0
0.0 0.0 0.0
0.0 0.0 0.0
0.0 0.0 0.0
0.0 0.0 0.0
0.0 0.0 0.0
0.0 0.0 0.0
0.0 0.0 0.0
0.0 0.0 0.0
0.0 0.0 0.0
0.0 0.0 0.0
0.0 0.0 0.0
0.0 0.0 0.0
0.0 0.0 0.0
-113.0 136.0 -11.857142
-113.0 -41.0 -17.785715
-74.0 -3.0 -23.214285
-58.0 -26.0 -25.857143
-18.0 -12.0 -26.642857
-11.0 -23.0 -26.142857
-1.0 -4.0 -25.142857
-1.0 -5.0 -20.928572
4.0 -12.0 -15.857142
4.0 -9.0 -11.428572
12.0 4.0 -15.857142
13.0 0.0 -19.928572
16.0 2.0 -23.928572
11.0 12.0 -24.857143
10.0 -8.0 -5.785714
13.0 -17.0 1.5
0.0 0.0 0.0
0.0 0.0 0.0
0.0 0.0 0.0
0.0 0.0 0.0
0.0 0.0 0.0
0.0 0.0 0.0
0.0 0.0 0.0
0.0 0.0 0.0
0.0 0.0 0.0
0.0 0.0 0.0
0.0 0.0 0.0
0.0 0.0 0.0
0.0 0.0 0.0
0.0 0.0 0.0
0.0 0.0 0.0
0.0 0.0 0.0
0.0 0.0 0.0
0.0 0.0 0.0
0.0 0.0 0.0
0.0 0.0 0.0
0.0 0.0 0.0
0.0 0.0 0.0
0.0 0.0 0.0
0.0 0.0 0.0
20.0 -11.0 13.285714
20.0 -11.0 15.928572
20.0 -11.0 17.285715
20.0 -11.0 19.285715
20.0 -11.0 21.214285
20.0 -11.0 22.285715
20.0 -11.0 23.571428
20.0 -11.0 25.214285
20.0 -11.0 26.5
20.0 -11.0 27.714285
20.0 -11.0 30.0
20.0 -11.0 30.928572
20.0 -11.0 31.0
20.0 -11.0 31.0
20.0 -11.0 31.0
20.0 -11.0 31.0
3.0 -4.0 29.285715
3.0 -4.0 27.571428
3.0 -4.0 25.857143
3.0 -4.0 24.142857
3.0 -4.0 22.428572
3.0 -4.0 20.714285
3.0 -4.0 19.0
3.0 -4.0 17.285715
-17.0 74.0 8.571428
-17.0 74.0 -0.14285715
0.0 0.0 0.0
0.0 0.0 0.0
0.0 0.0 0.0
0.0 0.0 0.0
0.0 0.0 0.0
0.0 0.0 0.0
0.0 0.0 0.0
0.0 0.0 0.0
0.0 0.0 0.0
0.0 0.0 0.0
0.0 0.0 0.0
0.0 0.0 0.0
0.0 0.0 0.0
0.0 0.0 0.0
-17.0 74.0 -17.571428
-17.0 74.0 -26.285715
-17.0 74.0 -35.0
-17.0 74.0 -42.0
-17.0 74.0 -49.0
6.0 0.0 -49.07143
-27.0 -18.0 -50.214287
-23.0 -9.0 -51.714287
-23.0 -9.0 -53.214287
-22.0 -10.0 -54.57143
-22.0 -10.0 -55.92857
-22.0 -10.0 -50.285713
-22.0 -10.0 -44.642857
-22.0 -10.0 -39.0
4.0 -2.0 -32.07143
9.0 7.0 -25.428572
6.0 -14.0 -17.5
6.0 -14.0 -9.571428
34.0 -19.0 0.71428573
0.0 0.0 0.0
0.0 0.0 0.0
0.0 0.0 0.0
0.0 0.0 0.0
0.0 0.0 0.0
0.0 0.0 0.0
0.0 0.0 0.0
0.0 0.0 0.0
0.0 0.0 0.0
0.0 0.0 0.0
0.0 0.0 0.0
0.0 0.0 0.0
0.0 0.0 0.0
0.0 0.0 0.0
0.0 0.0 0.0
0.0 0.0 0.0
0.0 0.0 0.0
0.0 0.0 0.0
0.0 0.0 0.0
0.0 0.0 0.0
0.0 0.0 0.0
32.0 -19.0 13.071428
-11.0 -17.0 14.357142
-14.0 -41.0 17.142857
-8.0 -26.0 19.285715
-7.0 -39.0 22.428572
-9.0 -30.0 23.5
-9.0 -18.0 24.0
-8.0 -21.0 23.5
-5.0 -19.0 23.071428
-5.0 -22.0 20.5
-4.0 -17.0 20.214285
-5.0 -8.0 19.214285
8.0 -8.0 23.071428
13.0 -8.0 18.642857
-1.0 -1.0 15.0
-11.0 7.0 13.285714
9.0 22.0 10.428572
9.0 22.0 8.214286
-5.0 25.0 3.7857144
-11.0 38.0 -1.2142857
0.0 0.0 0.0
0.0 0.0 0.0
0.0 0.0 0.0
0.0 0.0 0.0
0.0 0.0 0.0
0.0 0.0 0.0
0.0 0.0 0.0
0.0 0.0 0.0
0.0 0.0 0.0
0.0 0.0 0.0
0.0 0.0 0.0
0.0 0.0 0.0
0.0 0.0 0.0
0.0 0.0 0.0
0.0 0.0 0.0
0.0 0.0 0.0
0.0 0.0 0.0
0.0 0.0 0.0
0.0 0.0 0.0
0.0 0.0 0.0
-113.0 -19.0 -13.428572
-101.0 -33.0 -19.428572
-62.0 -33.0 -23.0
-38.0 -7.0 -25.214285
-33.0 -9.0 -25.642857
-28.0 -19.0 -25.357143
-13.0 1.0 -25.428572
2.0 -1.0 -23.071428
9.0 10.0 -19.642857
12.0 10.0 -21.571428
17.0 1.0 -21.214285
9.0 7.0 -27.142857
2.0 -1.0 -24.142857
2.0 -2.0 -17.142857
19.0 -12.0 -8.214286
19.0 -12.0 -1.1428572
6.0 -37.0 4.0
0.0 0.0 0.0
0.0 0.0 0.0
0.0 0.0 0.0
0.0 0.0 0.0
0.0 0.0 0.0
0.0 0.0 0.0
0.0 0.0 0.0
0.0 0.0 0.0
0.0 0.0 0.0
0.0 0.0 0.0
0.0 0.0 0.0
0.0 0.0 0.0
0.0 0.0 0.0
0.0 0.0 0.0
0.0 0.0 0.0
0.0 0.0 0.0
0.0 0.0 0.0
0.0 0.0 0.0
0.0 0.0 0.0
0.0 0.0 0.0
0.0 0.0 0.0
0.0 0.0 0.0
0.0 0.0 0.0
68.0 -25.0 12.857142
68.0 -19.0 20.785715
56.0 4.0 25.142857
28.0 5.0 27.785715
-26.0 -64.0 30.285715
-15.0 -60.0 33.57143
-12.0 -53.0 36.357143
-20.0 -28.0 35.785713
-18.0 -28.0 36.357143
-15.0 -43.0 38.142857
-14.0 -42.0 39.857143
4.0 -6.0 38.357143
2.0 -6.0 36.714287
2.0 -4.0 34.07143
2.0 -4.0 27.857143
-6.0 2.0 21.071428
-1.0 1.0 17.214285
-10.0 13.0 13.928572
-9.0 16.0 9.428572
-12.0 6.0 4.928571
-4.0 12.0 0.85714287
-10.0 68.0 -5.285714
0.0 0.0 0.0
0.0 0.0 0.0
0.0 0.0 0.0
0.0 0.0 0.0
0.0 0.0 0.0
0.0 0.0 0.0
0.0 0.0 0.0
0.0 0.0 0.0
0.0 0.0 0.0
0.0 0.0 0.0
0.0 0.0 0.0
0.0 0.0 0.0
0.0 0.0 0.0
0.0 0.0 0.0
0.0 0.0 0.0
0.0 0.0 0.0
0.0 0.0 0.0
0.0 0.0 0.0
-72.0 -18.0 -12.785714
-41.0 -31.0 -12.928572
-41.0 -30.0 -13.571428
-37.0 -24.0 -12.857142
-29.0 -19.0 -11.785714
-15.0 -3.0 -11.357142
-1.0 -5.0 -9.928572
5.0 -6.0 -3.5714285
13.0 5.0 -1.6428572
12.0 7.0 -7.642857
8.0 0.0 -13.428572
7.0 0.0 -11.428572
23.0 -5.0 -9.071428
30.0 -12.0 0.21428572
0.0 0.0 0.0
0.0 0.0 0.0
0.0 0.0 0.0
0.0 0.0 0.0
0.0 0.0 0.0
0.0 0.0 0.0
0.0 0.0 0.0
0.0 0.0 0.0
0.0 0.0 0.0
0.0 0.0 0.0
0.0 0.0 0.0
0.0 0.0 0.0
0.0 0.0 0.0
0.0 0.0 0.0
0.0 0.0 0.0
0.0 0.0 0.0
0.0 0.0 0.0
0.0 0.0 0.0
0.0 0.0 0.0
0.0 0.0 0.0
0.0 0.0 0.0
0.0 0.0 0.0
0.0 0.0 0.0
0.0 0.0 0.0
0.0 0.0 0.0
0.0 0.0 0.0
25.0 -18.0 13.428572
25.0 -18.0 17.285715
-113.0 -21.0 11.642858
-19.0 -11.0 11.785714
9.0 9.0 12.642858
-9.0 -110.0 19.571428
-9.0 -110.0 26.0
-12.0 -37.0 27.214285
-26.0 -52.0 28.714285
-19.0 -19.0 28.142857
-19.0 -19.0 27.642857
-10.0 -30.0 27.071428
-4.0 -21.0 25.285715
-8.0 -10.0 19.857143
-10.0 -7.0 16.571428
-8.0 -6.0 13.357142
-2.0 -11.0 20.571428
10.0 -4.0 22.142857
1.0 0.0 22.214285
1.0 7.0 14.571428
-2.0 3.0 7.0
-16.0 -7.0 4.571429
-7.0 -7.0 2.7142856
7.0 4.0 2.9285715
-10.0 24.0 0.5
-10.0 50.0 -5.214286
0.0 0.0 0.0
0.0 0.0 0.0
0.0 0.0 0.0
0.0 0.0 0.0
0.0 0.0 0.0
0.0 0.0 0.0
0.0 0.0 0.0
0.0 0.0 0.0
0.0 0.0 0.0
0.0 0.0 0.0
0.0 0.0 0.0
0.0 0.0 0.0
0.0 0.0 0.0
0.0 0.0 0.0
-108.0 17.0 -16.857143
-80.0 -10.0 -21.928572
-28.0 -26.0 -21.642857
-11.0 -20.0 -20.642857
-7.0 -28.0 -18.5
-5.0 -1.0 -18.785715
-8.0 -1.0 -19.5
-7.0 2.0 -17.714285
-6.0 2.0 -14.0
0.0 11.0 -20.285715
4.0 13.0 -22.285715
10.0 7.0 -23.857143
12.0 4.0 -22.714285
2.0 0.0 -14.428572
2.0 0.0 -5.357143
1.0 -5.0 0.071428575
0.0 0.0 0.0
0.0 0.0 0.0
0.0 0.0 0.0
0.0 0.0 0.0
0.0 0.0 0.0
0.0 0.0 0.0
0.0 0.0 0.0
0.0 0.0 0.0
0.0 0.0 0.0
0.0 0.0 0.0
0.0 0.0 0.0
0.0 0.0 0.0
0.0 0.0 0.0
0.0 0.0 0.0
0.0 0.0 0.0
0.0 0.0 0.0
0.0 0.0 0.0
0.0 0.0 0.0
0.0 0.0 0.0
0.0 0.0 0.0
0.0 0.0 0.0
0.0 0.0 0.0
0.0 0.0 0.0
0.0 0.0 0.0
43.0 -43.0 11.071428
1.0 -23.0 13.071428
1.0 -23.0 15.285714
-12.0 39.0 12.285714
-23.0 -26.0 13.071428
5.0 -80.0 19.928572
2.0 -80.0 26.428572
-11.0 -55.0 29.357143
-15.0 -31.0 29.928572
-8.0 -33.0 31.571428
-8.0 -33.0 33.214287
-6.0 -31.0 34.57143
-6.0 -21.0 32.214287
5.0 -17.0 30.357143
5.0 -19.0 25.928572
1.0 -17.0 25.5
-4.0 1.0 23.428572
-16.0 3.0 25.714285
-16.0 3.0 24.142857
0.0 8.0 17.5
-7.0 21.0 9.642858
-15.0 23.0 3.7857144
-12.0 38.0 -0.9285714
0.0 0.0 0.0
0.0 0.0 0.0
0.0 0.0 0.0
0.0 0.0 0.0
0.0 0.0 0.0
0.0 0.0 0.0
0.0 0.0 0.0
0.0 0.0 0.0
0.0 0.0 0.0
0.0 0.0 0.0
0.0 0.0 0.0
0.0 0.0 0.0
0.0 0.0 0.0
0.0 0.0 0.0
0.0 0.0 0.0
0.0 0.0 0.0
0.0 0.0 0.0
-84.0 24.0 -13.785714
-84.0 -2.0 -21.357143
-84.0 -9.0 -28.0
-32.0 -34.0 -27.5
-24.0 -29.0 -25.785715
-24.0 -29.0 -24.071428
-16.0 -17.0 -23.428572
-13.0 -10.0 -21.642857
1.0 -8.0 -18.285715
3.0 -11.0 -13.714286
10.0 2.0 -11.785714
7.0 5.0 -10.285714
1.0 10.0 -16.142857
5.0 -5.0 -15.785714
5.0 -5.0 -7.357143
10.0 -3.0 -0.5714286
10.0 -7.0 6.0
0.0 0.0 0.0
0.0 0.0 0.0
0.0 0.0 0.0
0.0 0.0 0.0
0.0 0.0 0.0
0.0 0.0 0.0
0.0 0.0 0.0
0.0 0.0 0.0
0.0 0.0 0.0
0.0 0.0 0.0
0.0 0.0 0.0
0.0 0.0 0.0
0.0 0.0 0.0
0.0 0.0 0.0
0.0 0.0 0.0
0.0 0.0 0.0
0.0 0.0 0.0
0.0 0.0 0.0
0.0 0.0 0.0
0.0 0.0 0.0
0.0 0.0 0.0
0.0 0.0 0.0
0.0 0.0 0.0
19.0 -22.0 11.357142
19.0 -35.0 14.857142
-113.0 -20.0 8.142858
23.0 -39.0 12.785714
-3.0 -4.0 12.214286
-22.0 17.0 8.428572
-7.0 -103.0 14.714286
-14.0 -47.0 16.928572
-13.0 -47.0 20.0
-15.0 -50.0 21.785715
-15.0 -30.0 22.142857
-9.0 -34.0 23.0
-9.0 -27.0 23.071428
-7.0 -18.0 20.928572
-7.0 -16.0 18.642857
-5.0 -11.0 15.214286
4.0 -1.0 22.214285
-8.0 -2.0 17.357143
-10.0 1.0 16.5
-10.0 1.0 18.5
-13.0 13.0 9.785714
-7.0 -4.0 7.214286
-7.0 -4.0 4.571429
-11.0 -18.0 2.5714285
-13.0 25.0 -1.2142857
0.0 0.0 0.0
0.0 0.0 0.0
0.0 0.0 0.0
0.0 0.0 0.0
0.0 0.0 0.0
0.0 0.0 0.0
0.0 0.0 0.0
0.0 0.0 0.0
0.0 0.0 0.0
0.0 0.0 0.0
0.0 0.0 0.0
0.0 0.0 0.0
0.0 0.0 0.0
0.0 0.0 0.0
0.0 0.0 0.0
-71.0 3.0 -10.857142
-44.0 -47.0 -9.857142
-36.0 -48.0 -8.214286
-31.0 -25.0 -6.785714
-27.0 -13.0 -7.571429
-11.0 -9.0 -7.5
-6.0 -5.0 -8.071428
5.0 -9.0 -4.357143
12.0 -7.0 -8.928572
11.0 0.0 -14.071428
7.0 -6.0 -14.642858
7.0 -2.0 -7.928571
-3.0 -5.0 -5.785714
-1.0 -5.0 -0.71428573
-2.0 -9.0 5.071429
0.0 0.0 0.0
0.0 0.0 0.0
0.0 0.0 0.0
0.0 0.0 0.0
0.0 0.0 0.0
0.0 0.0 0.0
0.0 0.0 0.0
0.0 0.0 0.0
0.0 0.0 0.0
0.0 0.0 0.0
0.0 0.0 0.0
0.0 0.0 0.0
0.0 0.0 0.0
0.0 0.0 0.0
0.0 0.0 0.0
0.0 0.0 0.0
0.0 0.0 0.0
0.0 0.0 0.0
0.0 0.0 0.0
0.0 0.0 0.0
0.0 0.0 0.0
0.0 0.0 0.0
0.0 0.0 0.0
0.0 0.0 0.0
0.0 0.0 0.0

